26.1808 -0.643193 28.6926
26.3011 51.7969 -33.8091
27.0522 47.0676 23.2578
-8.5702 -8.89377 -24.2491
23.8971 22.6092 30.3704
-13.288 -7.57449 22.3111
-17.1082 45.942 26.4589
-6.67208 39.5748 -44.5208
28.3463 -8.3636 -16.7993
29.5362 23.7618 26.2944
39.4497 29.7604 -23.1775
13.7999 61.2938 35.6708
35.7412 34.1821 19.7811
42.5073 -5.65469 -9.48301
-19.2651 5.34179 29.3253
35.1415 41.3209 -29.9799
-28.467 44.6993 21.5445
-36.5434 -5.81612 -4.15536
32.855 42.2517 23.2206
8.83702 -8.28915 16.8651
-33.6869 38.127 13.5169
63.482 15.8753 8.9463
33.2019 -1.52787 16.1224
25.9029 32.0654 -38.5124
43.6946 34.7977 -0.178924
-26.1545 -9.36899 16.1584
31.5767 13.4021 18.4296
40.1509 61.8507 -1.81163
26.4293 53.2587 23.7457
-2.50833 66.9748 34.8462
36.5697 4.01353 10.7655
-25.0813 51.8455 25.1264
18.4687 -11.4275 -10.9674
25.5608 45.3586 -38.7443
-22.6753 12.5529 21.6358
-34.6979 62.014 -6.11355
-26.268 -7.99907 7.52122
37.9085 6.44176 8.06402
-28.6539 9.9337 20.9691
-20.3596 39.9835 28.8384
4.63863 -13.534 -32.3348
13.3259 -12.6742 -24.8416
-11.4995 -8.6468 -14.8311
-24.7886 -4.61925 -26.9933
42.6969 29.6238 5.69686
29.8997 41.6909 -30.4888
-17.4237 66.7496 31.3607
21.503 3.09856 27.0899
-19.2796 -1.74536 -38.6687
39.8683 38.9772 -6.63364
0.567771 46.0925 36.0176
43.2683 32.809 2.69882
24.4587 -2.6753 -39.2727
43.8589 42.5599 -3.4756
-12.7509 38.1452 -42.5316
-18.6668 27.5645 -34.8818
-20.2761 6.15853 23.5862
39.1442 17.072 2.83059
-28.3426 -9.72104 11.5664
-12.8402 41.3219 32.9167
1.7552 -10.9387 -11.7098
-21.1041 31.5402 28.2931
63.1503 36.4957 8.45837
40.5599 -6.1005 -16.5863
-2.92072 48.0634 -45.2669
-27.4522 40.7828 -32.3201
37.0039 24.0668 9.59851
10.9775 16.7017 -40.9858
-16.0511 -8.55597 13.0341
-39.5591 65.5053 2.1641
-4.6751 16.9415 31.2773
-9.52021 -12.2013 -19.1146
-6.14907 47.0536 -44.6947
29.853 34.8748 20.6862
32.2732 21.2947 -33.2858
-18.0585 -8.91075 -14.8015
-25.5181 4.5417 24.3317
40.4117 36.8575 11.9042
-21.8357 -3.57083 -30.9885
-17.6485 40.751 30.5756
23.4059 43.4203 -40.1273
31.2087 53.0169 -29.0208
-23.6853 -0.444716 25.8061
27.849 45.7435 -32.506
56.8672 46.0531 8.87709
-38.2916 61.6625 4.69585
-0.941561 -1.31153 -41.0965
24.1613 49.2071 30.2453
11.0696 -6.48675 -38.3399
-30.8319 34.6095 -27.9495
11.4885 -11.8153 12.5238
31.4223 1.97884 -28.3545
13.7588 14.8268 30.5197
43.6106 20.509 -8.98163
-22.8954 12.4185 26.7705
60.0619 24.8263 17.2976
10.7973 52.9835 -44.8299
-22.9385 38.8613 -31.4753
-20.4434 -7.7924 24.6341
5.75021 -13.7733 25.0462
37.6365 26.2997 -17.7706
21.163 67.1294 30.3203
-0.667766 23.405 31.9104
-34.8024 64.5261 15.6853
1.77391 -10.8499 1.90884
3.72389 33.7358 32.1866
-33.768 39.3296 -11.1183
-34.8202 64.6485 0.00434763
 23.83 64.9156 -41.9245
39.507 11.099 0.289937
-30.1675 60.0909 -29.9411
21.6585 54.4684 31.6475
-33.5264 11.2097 -22.7797
43.8814 38.3931 -5.57446
-24.5328 45.9602 -35.1362
45.0075 61.8695 -6.90914
-20.0388 47.4534 -34.1663
-11.5935 -8.4766 -5.32777
25.1351 -12.8637 -19.6944
39.5949 30.6376 13.635
38.5867 66.8906 -21.7609
60.2547 50.4754 11.9253
12.9137 -11.4816 27.9331
0.207935 12.4029 35.862
13.5891 31.9685 34.7386
-31.3909 -2.65019 5.6251
-4.27553 44.8794 -41.2596
-12.4076 29.1277 -42.6106
14.9814 31.9988 -40.0002
-16.8639 -8.97367 -25.8545
1.77668 64.3894 32.5021
31.4322 38.3672 -34.1189
18.6489 -8.05494 -12.5012
0.568074 54.1836 36.025
16.4624 -8.26998 -18.8402
-26.3261 -1.06622 -26.497
38.2607 -3.72055 3.23994
37.809 17.9816 16.5933
10.9359 3.26351 35.206
32.908 54.8837 -32.627
-8.8447 -13.393 -28.4188
-32.5986 5.0814 -13.9016
25.9088 63.372 31.0662
-22.5914 40.2896 -36.8378
-24.7976 -13.7343 -20.1925
37.6642 51.918 -17.8365
-7.14721 39.9363 34.7872
34.696 5.96713 13.9611
-23.5896 -2.33684 -35.3718
-33.2167 58.1453 -24.4258
12.5909 23.9795 -40.7133
-14.3485 -8.38039 6.14051
10.0834 -13.8534 -35.5549
11.8772 21.5807 35.0942
12.2347 6.47989 35.0014
39.3009 16.2602 1.6052
-7.90857 13.5887 34.5188
-15.9755 66.3115 28.9203
-30.5989 50.6417 -28.5637
-32.7358 34.1955 5.42657
-5.03664 -11.0295 -5.81418
-6.9913 14.6804 34.7605
43.2197 37.7286 2.92377
-21.9617 48.5466 27.7792
13.7309 27.7323 -40.3888
41.8609 41.3535 8.44929
-24.8312 24.4786 25.309
5.89006 54.4698 36.0027
-18.9255 -12.586 20.2654
-35.5442 9.25296 8.39638
1.28886 49.6792 -45.6146
26.0537 48.8571  28.97
12.3362 -5.71147 -43.1397
37.7463 45.8359 7.63467
 -17.7   24.4 30.4717
0.883347 -8.57431 -34.9797
51.407 5.36897 16.4504
43.9081 0.567684 -4.13499
0.898041 26.1676 35.9825
43.6374 43.9241 0.855337
6.80357 -11.9729 14.0567
37.6537 64.7135 -29.4306
42.7152 13.9267 -14.403
22.8271 21.2001 30.9413
-16.0148 61.4709 -37.0772
40.554 33.2342 -20.7026
-2.83989 -8.40467 -17.2737
37.7253 27.9769 7.92419
20.8128 17.6509 27.5719
-30.2639 4.76248 -28.1245
38.7112 46.9974 15.3156
17.7347 66.6689 -42.5873
0.466317 62.9255 -47.1425
-19.9424 -8.51044 3.94237
12.8896 -8.58408 -33.5378
21.6797 -10.3528 24.5582
55.1158 47.2886 16.5555
40.0123 53.9016 -4.74533
-21.3613 16.4719 22.8498
66.2061 14.4025 12.1835
-26.5473 64.3879 -28.6006
39.1554 -7.26853 -17.2181
46.115 7.05837 11.9717
-3.07678 -10.9245 -3.64523
19.7433 -7.92104 -2.84641
-28.291 34.0995 -31.2684
6.75383 5.95713 35.7959
29.119 42.3907 21.3932
38.1543 59.5597 7.57891
39.3494 49.1285 -23.3568
12.5812 -4.72205 34.2903
21.3443 0.555602 -41.1433
-35.7678 7.09481 7.68177
14.4258 61.2729 30.387
-30.8033 18.7329 9.77661
-23.6867 -6.78592 -25.9162
-18.9737 50.1347 29.815
40.1601 23.5852 -21.6614
19.9881 45.3911 28.1314
26.3829  42.43 -38.1828
-32.8095 58.9894 6.31372
9.22369 55.5047 -41.5946
-31.8717 5.26721 -25.8625
56.6581 45.4811 9.63126
9.54122 52.0716 -41.5222
33.0706 31.3847 -26.5476
2.36628 -13.8861 -34.1589
-31.4245 11.595 17.1363
-2.43032 60.1785 36.4015
30.3243 37.5609 20.1525
32.8804 49.6347 23.2199
15.2736 66.8365 32.0994
48.4568 1.52266 14.0247
-19.7535 38.6871 29.2443
-39.2859 66.2625 0.606105
-25.7787 -13.9486 -15.0976
43.6004  63.23 8.8019
-7.62762 -8.2933 -8.27403
-25.4233 36.374 -34.2506
38.7318 51.8854 5.15101
39.4526 55.0348 2.06241
29.9244 27.0015 20.5173
-31.4965 42.4669 17.4788
-20.9287 -8.51482 -1.98319
-29.9992 13.8108  -21.4
-13.3299 29.9156 32.6679
11.2939 -8.27858 31.4005
-5.95731 66.5087 -45.0107
36.9742 -11.948 -2.11608
16.1875 -11.1469 -4.39646
64.9289 19.4331 18.1084
-29.6229 47.2164 -29.6901
-25.7135 23.7762 18.3392
-36.9563 40.533 4.69829
-31.4771 -1.18942 -16.4985
-21.8594 54.3539 -32.6801
62.3608 5.88469 15.7443
-26.3211 1.46876 -32.8824
-13.909 -11.986 -4.99607
16.9629 -11.2112 -2.6905
1.51542 -10.9942 4.4693
43.5853 8.52605 -9.42771
52.6069 49.8364 8.30478
-22.3994 13.4045 27.186
2.57004 3.23499 -41.7006
30.719 -13.4461 -14.9111
43.4984 16.3517 1.29913
-0.78398 -8.07308 6.08605
48.1516 0.270072 9.82938
42.316 -2.8455 6.78249
-3.2944 33.2421 -45.1493
17.194 -12.1201 12.7498
27.285 45.3128 -33.0046
25.8512 -2.81604 23.598
-29.262 36.0197 -23.4693
-14.2202 51.9109 -37.8836
10.8941 21.6682 -41.0289
-37.4314 12.7979 1.04551
-33.6799 8.4608 -3.37931
-37.8354 24.5052 -1.98488
36.6824 23.1706 -27.8868
8.47196 47.335 -45.2458
29.5825 -8.38699 -10.8413
-19.0009 -6.9473 18.8593
38.4961 9.24761 15.7447
6.26036 30.687 -41.7952
13.5573 63.9804 36.4709
-7.02915 55.6558 34.8456
-33.2837 8.78435 -10.774
-29.0468 59.713 21.8419
39.7113 28.9544 -0.624138
37.9641 10.0944 -25.9605
-24.0885 64.6099 21.4844
-34.4962 65.071 -12.9072
-39.0036 62.0519 -11.4162
-31.4543 9.97767 -17.9017
9.73294 32.9094 -44.9808
32.3323 20.4429 -27.4255
0.362159 -8.55645 21.2161
-23.285 36.6201 21.3333
-1.3359 35.9453 31.9746
22.2258 66.6543 28.3172
-35.8298 46.2882 -18.2189
16.8698 67.1175 33.1901
2.38428 48.6519 -45.6603
-37.2293 1.63105 0.788631
-4.22674 17.9861 31.3749
24.8614 2.92039 -39.3023
5.78937 -8.09169 12.0639
25.9635 -8.37777 -23.4797
-5.38239 -13.1438 20.4257
15.1885 -13.674 -34.4213
-23.549 15.7218 -35.748
5.46108 -8.77418 -33.5297
-1.09513 28.0074 -41.6755
-26.9726 25.957 23.3606
39.8413 31.2101 -6.28876
-16.2602 37.4142 -36.6056
63.2881 39.9665 17.2693
50.7646 50.0756 9.34853
15.6837 44.9556 29.9872
6.6188 -2.69092 35.6591
-28.7924 -13.7302 -9.29528
-35.661 -6.72248 -0.629888
18.9474 40.5459 -42.3403
11.062 11.3513 35.263
-32.9896 12.9207 -12.9335
18.8994 34.4968 -42.3519
-1.974 66.2051 -43.2266
42.6799 37.0955 5.75994
-3.44459 25.8435 -45.0816
21.4804 -10.9021 -33.6783
23.8451 35.3748 -39.842
28.5587 21.1524 21.8408
-10.1344 35.8477 29.8071
-35.8337 -6.3152 1.47037
6.66707 37.6853 -45.4278
40.4458 51.2833 -21.0821
64.8292  39.44 13.4645
-4.30852 54.8961 -41.3085
-35.4761 66.0471 -12.5621
39.1056 18.5109 3.09534
41.8361 4.2948 -17.4923
10.0319 10.5306 -41.1415
-7.75242 9.64505 -40.1167
-13.5477 -13.9966 21.4731
11.4244 -13.6063 -30.6994
43.3321 50.2775 11.7985
7.87689 0.878482 -41.3505
40.3304 45.9701 -21.2906
33.1706 58.4095 22.9292
20.062 -5.24485 -36.0239
26.4545 -7.9909 -33.6227
-1.22506 45.9779 -41.7094
-36.349 22.084 -16.1739
1.29989 -8.64514 -34.7309
36.7628 66.9012 -26.073
-38.037 41.362 -2.95906
-31.0763 19.603 9.18798
5.12316 6.1732 35.9438
60.9954 42.4309 18.6227
-3.99063 6.32054 31.1954
-31.5174 16.1595 -18.1279
17.3387 -7.83165 22.6144
-35.6087 9.48069 -17.8857
37.7323 2.22322 -26.2912
-15.0021 66.0693 -42.8946
17.4666 53.8233 -39.0736
-0.726223 -8.22819 -36.1887
21.6097 39.5086 31.6591
11.779 66.2111 -42.3469
-30.1649 32.1695 -21.7423
43.8167 58.9935 -9.45485
43.026 23.0007 -12.9085
6.79128 -11.3649 -16.9195
41.9624 8.5197 -17.0653
37.3243 9.76591 -27.0414
13.231 1.74884 -40.2668
-27.5631 22.375 15.9041
-2.83415 25.9203 31.6586
-18.7255 31.8424 -39.4622
-37.9157 35.3958 -8.12275
29.5868 3.17251 -35.9131
-28.3593 13.378 21.3702
-12.9302 11.6226 -38.0437
62.5207 18.9764 19.7049
25.1401 28.4655 24.8345
-5.96004 18.5518 -40.6474
-36.7347 18.3596 -14.3975
-10.0346 -13.3826 19.133
-6.275 47.1425 31.1503
61.8165 36.8961 19.2001
16.6166 -7.26507 24.8525
15.7524 40.3037 34.0701
37.0005 -11.9381 -2.7473
61.7146 15.3729 10.2382
-5.21763 19.3578 -40.8352
-25.1444 24.4495 19.0766
29.802 59.759 20.5364
36.6096 48.2067 -27.986
31.8098 60.0161 -34.3525
-9.57683 -4.95452 27.8733
11.2544 -13.7226 -31.8911
-32.5067 40.0687 6.42187
42.2973 61.4079 10.2245
33.6648 11.4471 -25.4915
26.3508 55.5596 23.7903
-17.5225 51.0403 -35.9418
-35.2455 16.7777 -19.0024
25.2165 14.2239 24.589
0.410181 -8.57405 -22.0755
27.0823 20.6171 28.2678
-18.6413 5.4592 29.7139
27.8554 30.2862 -37.1745
12.9902 -13.8068 25.2849
-34.6005 -6.30984 -15.8478
31.9125 41.0917 -33.5942
-23.5674 -4.29113 18.3369
39.5697 0.119711 0.155361
39.1607 25.7118 3.46496
59.9311 3.36215 14.7649
25.6903 34.7447 -38.6375
38.6861 -1.46034 15.2126
27.1218 51.9128 23.1417
-7.82952 66.9732 33.8223
-20.7214 -8.92391 -22.3336
3.69882 -5.97215 -44.108
36.0763 60.5142 -29.9074
-36.5807 61.9187 10.5976
-19.7638 18.1127 24.1961
20.9225 20.4657 -37.2716
8.45497 -8.45966 19.9346
-30.4659 58.5344 11.8906
-37.9207 23.6257 -5.77049
-33.8928 33.8949 -22.6383
16.9532 47.8161 29.4573
30.149 20.3941 20.2002
39.9612 66.9754 10.9889
38.0465 12.127 7.49992
25.5788 -12.8712 -19.1549
-29.129 -13.1751 -11.3083
-35.1953 32.3986 10.0464
23.8301 26.5236 25.6903
-1.51778 -8.83882 -26.3646
26.8728 5.96879 -33.0945
-19.1561 57.3212 29.7417
-4.7389 17.1294 31.2651
-20.9496 66.2849 25.7288
-6.37433 29.7061 34.9403
-6.95906 29.3965 34.8065
38.5199 38.6186 -15.2171
-35.2183 0.842141 -18.5165
42.9826 30.4325 4.37425
5.88244 44.3088 -45.4909
37.2285 -2.66519 7.90371
-36.131 6.03786 -16.1931
36.0489 26.7879 19.3265
20.7724 16.2792 27.591
51.3882 3.89306 5.03757
-25.2105 21.4248 -28.7683
49.0118 2.04195 5.07548
42.975 45.547 -12.9307
-30.0401 -12.9731 -5.88345
12.4274 -10.9554 -9.8902
-9.58865 -6.03266 26.9889
34.4978 -5.81365 19.1812
23.5647 22.3653 -40.0065
-33.5768 18.6762 -22.9015
-20.9146 63.5339 -40.2282
-17.9579 10.2703 -35.1723
28.733 -12.7344 4.23778
33.5595 -4.18325 14.1233
-6.21193 34.4398 -40.7432
-35.5688 23.7385 8.80806
-34.4129 52.2784 -4.85342
38.268 7.22563 -15.4129
65.8467 31.5666 9.66196
34.5898 60.0298 -23.9512
-29.2855 -0.166695 19.814
35.2589 40.3551 -23.0881
2.09003 5.51149 35.9566
-6.37183 41.2524 35.0111
-37.6093 6.9446 -8.62547
29.8754 32.6368 -30.4769
8.08246 -8.10272 12.0011
40.4755 40.449 11.8791
20.1366 -11.587 -11.2477
34.9091 51.7138 -23.709
-27.0794 10.4469 -32.3213
-36.8788 62.8205 -20.1992
-13.8556 12.7077 27.8278
-30.6499 66.5644 -28.734
-37.2974 29.1141 -12.3254
-29.4943 28.7341 -29.7081
-13.5487 13.077 27.9917
37.0142 38.1194 9.58378
-23.7202 -5.56745 17.1556
-3.67816 -10.9909 -1.82451
-2.89222 25.2572 -41.3717
-10.1425 42.4994 -39.5763
-35.3102 49.1012 -19.6802
-26.7091 -8.43928 3.08887
30.7719 -9.00979 -27.4059
29.3868 4.36205 -36.0713
11.0521 -6.66024 -42.7152
-34.3563 45.5398 -5.14453
-0.432841 -12.0859 13.8058
11.1902 -8.51589 -23.2717
-22.4428 -8.85675 -13.2005
36.6754  35.93 10.4097
33.1602 34.4537 -26.4447
-10.6641 46.1309 29.7643
24.312 -10.7829 22.4955
37.4043 1.17177 9.08203
17.5847 -2.85726 -38.4057
5.97654 -8.85269 -32.4904
-30.122 26.1873 19.2616
10.7065 66.2511 -42.7053
41.2198 67.0212 6.19615
18.0869 60.3133 33.917
4.9837 19.1762 35.981
-13.8035 -12.3054 -15.1816
42.2855 20.2236 6.99436
36.989 45.2394 -19.5175
-4.09469 -8.99905 -30.0765
-1.60657 4.48237 35.6785
22.8473 -4.05513 25.1492
17.3007 -1.31125 -38.7125
27.8327 6.94326 27.6478
-30.0456 1.96909 10.5361
39.6257 54.0429 0.688898
-11.3781 -6.36052 25.6472
29.2167 -6.23375 16.8355
-17.8961 21.1814 25.6068
-0.722166 -8.7134 -24.0261
7.96545 -13.528 27.3547
5.23938 -8.13016 13.2537
-17.5491 43.9516 26.1267
6.48977 33.0349 -41.785
35.9185 16.3668 -28.9593
-35.6803 65.6423 -8.27101
42.7016 46.9972 -14.3107
-38.0412 44.8718 -2.66532
-30.6258 20.9666 18.4414
52.7734 52.1476 5.53688
-26.9523 51.2727 -27.2477
-20.8732 42.524 23.7176
23.4635 40.4075 30.6526
-5.25944 -13.7819 23.5217
43.8322 28.9271 -6.72426
39.809 48.7023 -8.35166
14.9626 24.8125 34.3045
-37.4321 34.1985 -11.9095
-23.5771 -5.17757 -28.1454
43.8194 41.8553 -6.56524
19.935 -8.45861 -20.6923
6.70578 42.9292 -45.4213
32.6152 34.1323 -27.1343
-37.8813 66.5075 5.10752
-6.77531 20.2163 34.8316
-29.5604 44.0074 20.2157
40.4884 50.5393 -20.978
25.6812 36.1263 24.4207
26.4294 -2.63721 23.1773
32.1265 23.7154 -33.4428
 7.143 11.7197 -41.5311
32.1854 -13.2598 -5.29312
-8.04752 -8.26153 -3.06099
25.3439 11.8888 -38.9735
28.0529 23.2606 -32.1161
-9.31521 43.5526 30.206
38.8452 59.8577 16.3567
17.5881 43.5676 -42.8751
-7.40444 32.4646 -44.3036
7.7684 54.1265 -45.3235
13.4982 66.0572 31.5496
33.0039 -13.4681 8.33069
43.8437 2.79661 -6.16598
-28.4476 27.3321 14.6465
37.1866 54.6142 9.51681
4.68793 53.4286 32.2318
-29.0817 -5.94882 7.47261
-11.9287 25.2174 33.2209
-18.6955 12.0139 -39.2808
-37.0316 28.0684 -13.4724
42.3718 18.3786 6.74575
-5.84783 31.4832 35.0515
43.4601 25.8831 1.63308
27.4135 37.6126 -37.4945
44.0486 54.7123 14.2474
-33.1428 37.4005 -14.0284
20.7906 51.8025 27.6194
-7.11511 -11.0838 -37.5601
13.095 29.6814 30.7671
36.5696 1.12902 10.7502
57.9292 51.9443 7.30413
-31.6871 -9.43262 -12.5502
42.9687 0.287151 -13.5327
-24.8783 66.9207 24.8354
39.579 29.6215 -9.64792
-33.9106 52.0807 1.29769
-29.2012 -10.1186 -17.9668
-16.0994 12.1329 -36.3854
1.58921 25.4337 32.1275
-23.5103 12.3949 20.6271
-4.69585 -9.59403 29.8302
36.8798 41.2879 18.2278
39.9091 52.911 -6.87589
-32.8336 40.2456 -15.4518
-16.6242 -8.57847 9.10032
41.6819 1.07711 -18.0072
31.4472 30.6811 18.7883
-13.919 -8.4415 17.022
-0.0979231 -2.42671 31.2269
-34.3403 43.6916 -5.04299
-13.7043 -8.47937 16.863
-15.6872 9.72151 -40.9802
-31.4447 3.85976 -17.5311
38.9993 48.4097 -13.5376
30.1382 -6.1186 -26.5334
-28.629 -8.09953 -4.05551
-27.029 4.28107 -26.1172
-30.4991 -1.5916 -18.9514
-38.4332 65.658 6.8255
37.1533 50.2387 -19.1126
51.2497 6.79519 8.51159
54.2975 51.8374 5.95405
9.86008 31.1534 31.5462
-23.2429 61.7414 28.4126
26.906 16.5804 23.3422
37.4993 51.9798 -18.2451
31.5828 7.60844 24.3741
-27.0412 10.5668 22.8975
39.841 42.4868 -22.3127
10.6727 -8.83819 -30.4243
42.5358 9.59201 8.77278
62.8085 24.5131 19.6968
-26.7942 13.2272 23.1769
-11.1551 -13.9367 -31.0129
-23.1661 18.9357 21.1168
39.7054 45.4811 -9.47632
-20.5446 -5.6062 -30.9225
26.4512 7.72985 -33.5124
28.4935 36.0699 -36.7113
34.2676 -13.7115 -2.93384
16.8786 20.7855 -43.1353
51.6161 6.8279 12.5007
43.8664 24.8349 -5.99298
38.1617 57.2373 -16.5741
5.98308 56.6477 32.1121
-2.78768 -8.42282 24.1142
32.8645 63.0035 25.2312
26.4896 14.8139 28.6671
32.638 66.2942 -33.67
39.4536 22.0802 0.993861
23.6192 0.297504 25.6967
25.7278 0.220374 -33.9586
38.3889 52.6237 6.48974
-28.7523 4.95721 20.7264
-29.5995 -9.87783 8.69576
-5.75685 -1.27055 -44.4088
-13.895 7.57294 -41.8243
37.3744 -0.612955 -26.7944
36.3764 50.2183 -28.3647
29.3037 31.6015 21.2142
-34.4632 63.4108 -11.0251
-28.5039 66.401 -32.3368
4.95001 65.449 32.8304
-35.016 21.5989 10.2339
31.5119 63.9023 -28.7324
-8.70479 -7.93273 24.3752
6.90887 65.7357 37.3909
32.142 55.2655 -33.4398
-5.33028 -8.121 3.55436
9.79954 -11.3366 8.45394
39.1998 26.0131 3.21275
34.723 29.6906 -23.9494
-24.8614 58.0214 -35.0591
29.3764 -4.4825 25.6981
25.4068 54.6507 -38.9033
-32.3849 55.7264 7.36986
37.3158 38.7664 -26.8333
15.473 60.5091 34.8435
43.6227 9.19384 1.17949
40.9729 -0.244293 -19.9362
-3.70973 -12.4186 -24.4566
-29.4264 10.102 -22.4675
34.3037 54.3662 21.5637
-24.2004 -4.26828 17.7099
-23.3424 -13.5416 2.9709
6.95722 -5.60186 -39.804
13.3061 -7.86959 -5.51416
18.3374 58.068 -42.5955
66.392 19.5337 10.2063
3.90759 -7.88535 2.59854
-6.78907 -13.7272 -31.9206
-7.71212 66.6111 -44.1696
-15.9538 -9.274 25.9423
-30.6746 -7.57692 13.0285
32.2201 47.851 23.8891
14.0117 37.2679 30.5402
39.5181 57.4935 1.5709
34.5851 45.4152 -30.6686
14.9256 27.8116 34.323
58.9152 12.6849 14.741
-35.4876 42.8962 9.48874
-6.61598 51.7654 -44.6103
31.546 -8.20508 -28.2623
-33.0005 31.8999 4.47987
33.7186 -13.4816 -15.1541
43.7028 39.5009 -0.047318
-32.6401 52.0156 15.6413
34.3009 52.0289 21.554
7.51241 -1.36774 -45.1278
-1.75859 49.4822 32.0777
4.25959 -2.54421 -45.2807
16.6088 -8.49508 -32.2324
-22.1172 -8.74831 8.92305
16.7446 17.4207 -39.2163
-24.6642 16.0943 25.2195
-25.2093 22.1156 -34.3604
5.27177 -12.9194 -37.7053
17.5496 54.9675 -42.923
-35.3743 33.4811 9.59532
-19.6881 43.0074 29.3053
-12.3839 11.8286 -38.3041
12.4221 41.7676 -40.8018
-11.1234 57.8091 33.7094
43.7355 49.476 0.554392
36.5181 16.1284 -20.3179
39.094 22.7522 14.4266
34.2799 11.1709 14.6357
-33.1093 9.54721 -23.5515
5.61214 56.1398 32.1445
38.067 66.9098 -23.3001
11.6841 -8.63221 30.797
33.804 32.8736 -25.4068
-16.1374 21.4435 31.2415
22.1209 18.8252 26.7433
33.3955 -7.91575 17.2621
27.7811 7.53817 22.5161
-20.8044 60.0635 -38.9042
-12.9863 -8.65711 -13.2516
-6.74459 40.8087 -40.6582
20.4495 63.2883  27.87
-32.7866 62.3895 -27.6046
-33.273 6.6238 0.295502
29.9965 6.45528 -30.0523
31.4929 7.15809 -28.3315
27.5962 63.9964 22.9428
-14.4516 54.7754 -41.9457
43.1999 13.1366 -12.1865
-23.1635 66.7045 27.5762
11.4026 -11.0995 -13.0924
-24.8352 9.71542 -34.5188
11.2505 -7.83723 -2.39216
-29.7466 34.4269 -29.4987
18.0899 19.6673 28.9152
60.0947 50.6219 9.78725
-8.26975 -11.7386 27.043
42.0805 -4.05083 6.26159
22.9179 41.3945 30.9511
-27.5541 -7.75062 5.51957
11.6466  21.23 31.0751
14.3584 -6.6964 -41.73
-31.0329 38.0081 18.1036
-11.1763 -12.1738 7.26015
15.7636 -12.7094 17.8705
-2.08805 -8.16979 9.36783
18.4221 -8.08081 -13.8907
-24.0989 57.739 -35.6526
19.1071 -7.96658 2.19052
10.129 -12.479 17.5242
13.9063 30.3531 34.6562
-33.9547 49.4494 0.782136
27.2563 50.023  28.16
39.7744 2.00466 -6.57913
23.0546 -4.27745 24.8792
-11.0087 50.858 -39.3211
37.1288 44.5387 17.825
-27.9056 33.0646 22.0852
45.0942 62.8799  1.004
-1.39321 -8.00413 2.10581
-15.8131 52.9829 -41.2953
-37.4939 6.48786 -0.215573
-26.2287 60.7427 -34.7338
-5.60554 41.2114 -44.7538
12.7635 -12.9619 27.0056
22.8751 49.8654 -36.2307
38.3985 -1.86534 -14.2333
10.0644 -13.2201 -27.1481
-21.1011 59.7715 29.0425
38.1323 66.4054 -26.3328
32.8343 25.3629 -26.8361
0.392886 7.38403 31.7852
-35.0919 41.5426 10.5759
28.1034 -7.20182 24.391
-22.9525 38.5742 21.686
7.33035 31.2092 31.8934
39.5341 62.5847 -11.8937
43.1799 34.268 -12.0502
-21.161 -4.48029 -36.8661
9.15214 -12.1338 15.2719
-29.7874 62.1826 -31.5925
43.5046 41.3479 -10.0794
51.0013 3.75516 16.5108
24.1629 4.76433 -39.7388
-26.9227 9.39026 -26.3569
-23.2912 29.3209 26.5433
32.2678 40.8632 -27.5714
-11.3091 -8.89451 -22.5886
62.8176 6.13469 14.7753
-27.5829 60.9738 16.534
-10.7987 42.7498 -39.3446
-0.230922 -10.7113 -6.05758
9.68255 -10.8559 1.47317
39.3599 19.5243 1.16092
-30.4719 19.1965 -20.612
-20.8912 -1.88291 -37.547
-37.7722 22.2875 -1.33046
26.7072 2.92301 28.4401
-7.35602 63.9795 36.6539
4.40392 -10.7306 -8.68222
24.1592 -13.4471 -29.4597
12.7319 49.3589 31.0013
-29.6445 22.8347 12.4692
-23.4112 13.7585 26.3594
43.7227 51.7229 -7.98606
-18.0038 26.3926 30.2992
26.2978 26.6019 23.9448
43.8494 9.65163 -3.42496
49.8745 50.2413 12.3509
-34.0981 27.5551 -5.09125
-33.7089 12.556 -7.23141
43.3982 2.17515 -10.8724
61.0951 4.61619 9.42896
-6.76631 3.54977 34.7279
45.2774 65.4631 -5.58981
-28.2417 28.4095 14.9865
4.84078 34.1172 36.0037
-27.8729 38.3175 -25.6215
8.7032 -8.35436 18.0399
39.0343 16.0159 -12.6583
16.4265 56.3137 29.6404
32.1839 -5.325 -24.8334
-16.7415 3.96661 -40.4059
-33.4341 0.500658 -3.72526
-17.8399 44.5227 -35.6835
22.6787 62.3844 -36.3206
-33.8526 6.63079 -21.991
8.0943 0.016254 -45.1495
6.43202 -13.7114 -36.5419
-6.55392 49.2989 31.1017
-35.2704 44.5512 10.1434
39.5078 -2.06227 -6.38713
50.836 50.1268 8.88113
37.3631 28.9925 -26.8219
13.2918 37.4441 34.7975
-34.2981 43.293 -21.8581
19.2011 9.10833 28.3205
18.9896 48.9419 -38.3778
-34.1815 30.9421 -4.7257
27.7956 -3.37558 27.331
11.6344 1.75762 -44.5621
-1.11007 14.0783 -41.4703
45.321 2.15751 13.7192
-1.63469 -11.951 -21.1412
32.2412 46.8563 -27.7555
-37.4554 66.4871 -4.76158
-20.8081 60.7467 23.8354
34.8126 50.8795 -23.8752
-9.26589 7.23499 34.0488
-20.8787 64.7656 -40.435
-17.4218 15.2092  25.81
17.2666 -12.0842 -20.0311
36.6657 19.2792 -27.9056
0.455862 6.17522 31.7698
25.3338 20.328 -34.3932
-20.2324 18.4356 29.045
-10.1979 29.6286 -43.4455
-37.2072 66.5118 -16.5621
-2.18462 -8.06938 4.41448
34.843 49.9348 13.9932
29.3752 28.8424 26.4587
33.6919 54.4128 -25.7066
22.9198 65.6839 32.6235
-33.5105 7.93546 -1.41252
39.6792 17.9222 -8.09539
1.43228 -7.90171 0.319848
-33.2816 14.1262 1.63243
-17.0549 7.19242 30.7324
27.0639 -12.2337 19.1279
3.83092 -11.0757 -13.5675
-37.1898 0.089424 0.774202
-34.1382 28.2573 -4.40903
-13.5146 23.5571 -42.0862
36.0231 39.7757 11.7486
30.5388 -13.041 1.8114
3.47519 14.1302 32.075
-8.03153 5.10479 30.1131
-34.1291  50.76 -10.0139
-23.0942 -1.54069 19.9179
17.4449 40.5034 -39.0876
12.1127 56.721 -44.5391
39.2882 65.5478 -14.1913
-9.3417 -5.52204 32.8022
-18.7783 54.3397 29.9792
18.8687 27.0668 28.5892
-20.0466 22.3693 -33.8008
-19.6388 46.4543 -39.0371
66.5544 27.3892 14.5413
38.3946 66.7349 16.3787
29.4919 19.2731 -30.7648
20.539 51.8946 -37.6421
-14.588 63.1603 34.0835
39.8932 53.4127 -1.50703
-33.3474 62.1116 4.57284
-32.0806 -9.65522 -8.43044
18.9852 33.369 32.832
37.6632 -4.6669 3.39396
19.8654 -0.925464 32.4348
5.12564 -13.8839 -36.0201
17.792 44.4394 33.3542
-8.73218 19.4704 -43.8256
39.2198 41.7393 -12.0091
-34.5661 28.7235 11.5575
12.086 43.0279 -40.8922
20.6156 32.4196 27.7306
8.4667 62.7338 -46.757
-9.95378 0.804175 -39.1212
64.9721 17.6627 8.98585
-13.6668 4.51738 -41.9035
-37.7569 10.5743 -3.07292
23.6565 -13.7443 -26.3579
30.0209 -12.6607 15.096
-26.9029 48.2421 17.4482
25.2612 59.2611 24.5751
17.8735 30.3669 -42.7543
-9.59108 50.2362 34.1429
42.7876 66.9318 -9.58784
15.1774 -11.1559 1.50518
16.8718 -8.70441 -27.8321
30.8909 66.2993 -35.2839
14.4727 13.7419 -43.8953
-34.7768 25.1947 10.9721
63.7282 8.5027 16.0878
8.61535 8.04246 -41.3026
53.2971 49.517 15.9251
34.2547 -4.68081 20.5156
27.9937 35.3707 22.451
33.5959 6.82145 22.3546
27.0866 4.90507 -37.7252
31.7106 17.4671 -28.1683
29.3016 9.10168 20.964
8.06219 12.3571 35.7225
43.8819 49.8959 -5.65024
-27.8821 -8.32019 -10.246
9.24394 -8.45742 -22.3711
16.8807 -8.69917 -29.2279
58.6828 45.4831 7.87726
23.2382 -7.19255 20.6535
-36.9435 66.386 -4.64803
64.1303 39.8398 15.5372
0.0136299 6.60418 31.7496
-25.1125 11.3817 -34.2991
-6.2281 -8.14748 -2.22897
36.0883 62.1656 -30.8143
10.0928 30.4255 -44.9135
-11.8367 61.9127 29.3972
28.1612 42.7893 -36.9521
39.8732 -8.1938 -5.84816
-19.2202 66.1586  26.84
-33.6135 7.27546 -6.87666
-6.89107 -11.2257 -8.50648
-15.2081 37.0063 -41.4646
-34.3409 43.671 -5.3335
-38.7245 66.4558 -11.7172
-17.1034 -8.57627 8.28444
32.0286 64.7099 18.4096
-1.97835 42.8869 -41.6023
-33.9278 24.1304 -7.56643
16.2358 -6.74436 26.1096
36.4376 61.2332 -20.8996
-12.289 -3.91052 -37.3944
25.1128 -1.66025 29.3841
17.9889 11.2565 -38.7154
35.1575 37.9734 20.5819
-32.487 32.6002 6.1466
6.98929 36.827 35.8934
-35.7241 59.9564 10.7027
12.8159 -7.8398 -2.24841
20.483 -11.4712 -6.15263
37.972 25.1343 -16.6934
28.8827 55.8684 -31.5259
17.7115 58.6505 33.6393
32.1258 5.65054 17.6902
21.0642 20.9159 27.4373
-21.2181 46.1524 -37.8903
-15.2338 35.4643 31.7973
18.6376 36.9813 28.7528
