12.9058 67.0902 23.076
-41.964 52.2894 6.54933
-7.0236 30.0594 -5.7147
-11.7983 79.2351 37.1436
-40.1706 96.7819 -6.36528
-31.5772 52.4812 -18.5327
14.4639 45.7267 -5.85241
-0.850683 71.8604 36.5636
-25.5508 29.5948 -1.24778
-13.0392 39.6914 -19.8104
10.1146 92.1592 -16.4563
-39.9252 61.5555 2.65089
23.9673 46.1299 0.436629
14.9202 91.7369 -5.20476
-23.0002 35.6889 35.8673
11.893 64.193 25.1259
-4.45572 63.3298 -24.0411
-26.7808 105.944 39.4101
-27.5299 31.3456 16.0988
28.8156 47.1231 -7.3022
-34.3865 48.1739 29.671
-38.6338 43.2611 24.2604
42.8834  85.99 -8.83716
-41.7119 86.4381 -8.71168
11.9053 86.2395 -10.6515
-31.5932 66.414 32.5213
-22.4812 100.837 -24.8217
-26.6664 95.5593 -20.0165
17.7352 63.8565 -3.92677
-30.3765 29.5078 6.36982
-19.8791 57.4267 -21.0425
-15.4997 82.8363 -23.287
-31.036 41.3045 -7.07528
9.55746 63.8513 28.5655
-13.402 37.0882 37.654
-32.8824 46.9102 31.0339
-0.0171225 72.9387 35.2702
16.8096 43.9817 10.742
-25.9926 88.7096 -20.3158
-34.8038 93.1155 28.0597
-32.8341 89.9373 29.843
-24.7214 31.3086 -0.432846
2.65365 31.4916 11.5014
-5.40556 30.1615 22.932
-21.3127 35.157 33.8102
-4.80408 29.827 18.698
-13.1442 69.7353 -25.1247
-46.6024 108.205 8.4135
18.3965 67.1228 15.399
-36.7837 69.6565 25.1948
-35.5438 40.0827 -1.71853
-11.9806 84.6773 -25.6632
2.89347 54.0962 -18.5932
-37.7675 50.3642 23.1968
16.4657 57.5181 0.0310548
-14.4001 96.5631 -25.8725
17.3204 92.406 9.45053
0.868299 29.915 14.5788
8.91494  94.82 -14.3605
-13.1832 98.4318 -23.3219
15.6698 84.2402 -3.33284
13.6716 99.9792 -7.88787
17.494 51.0561 17.8808
10.6133 55.3017 -12.2814
-13.2781 64.6952 -25.1552
-42.9578 70.0238 11.2771
-4.50076 29.9232 4.76885
21.3584 105.913 14.6133
-23.8419 45.1648 36.263
-7.74139 62.4922 37.3401
-36.348 31.992 18.5353
-9.9216 92.8658 38.8339
2.12632 49.2116 32.3448
-4.74083 61.757 -24.0699
-11.4666 73.9588 37.1261
19.6297 108.164 9.53015
2.70593 78.5223 -18.9762
-8.13561 55.6539 -24.6497
16.3146 66.9742 14.4558
19.3942 53.3214 1.9282
33.9245 55.1345 -11.7507
15.7149 35.0831 0.749437
 40.67 72.9386 -13.6163
-9.98773 106.334 -29.467
7.3817 31.5174 26.7227
-25.6935 80.8412 -22.9228
-0.947509 61.6931 36.381
-42.3902 58.4768 15.1079
-43.7487 45.9612 11.0185
14.5081 71.507 -10.4894
9.34649  99.62 -13.9286
3.87419 30.2722 21.766
-32.4228 66.9664 -18.5802
-17.3346 29.9167 27.8501
-10.0534 104.434 37.7267
-15.9121 71.2839 38.5055
10.1972 72.3617 -12.7162
17.2847 65.7279 6.16134
-3.92441 103.562 -25.8507
8.37619 108.826 -18.5612
26.9124 50.8663 -5.30199
22.3036 106.019 1.19364
38.2261 89.1613 -5.49515
29.4506 96.7401 -10.9493
-36.3785 50.0688 25.0997
-10.2953 57.5238 38.4032
18.8066 105.151 -7.96132
14.7262 86.0675 -10.5406
-16.5166 109.289 42.3832
-23.7784 37.6553 33.9477
31.9005 48.6874 -3.32272
-23.9131 67.5313 -20.8755
-17.1451 29.9413 -18.9943
15.8867 47.7786 15.4557
-42.9814 80.9005 18.853
-30.4483 90.3097 31.5921
15.192 86.9669 23.0012
3.71684 74.0653 34.4617
-30.9972 29.4556 6.27613
-37.9311 56.6932 26.0334
13.1718 100.425 -13.0212
-29.6391 103.563 -19.091
19.0177 48.075 12.3589
-25.2956 32.4423 -8.67619
10.2636 104.515 -18.6101
-14.0222 82.0321 37.058
16.3028 32.8644 15.354
0.0386791 74.8515 36.288
15.2322 95.7532 22.9023
13.8968 60.4033 -11.2773
17.2657 75.0092 9.36018
10.5047 101.164 -12.5413
-41.8639 64.7733 14.9763
3.15452 63.5911 34.5716
12.6978 39.5844 22.4334
-34.6176 30.068 -9.45801
-13.6277 29.8873 14.5688
23.6949 49.9745 -3.70922
-11.5319 63.4741 37.1272
-45.9749 104.155 -3.55059
3.87295 63.0714 33.7466
4.33022 95.4618 34.1761
-31.8285 100.627 30.9251
5.67104 62.0781 -19.4956
-23.9342 31.8305 33.3654
-41.1261 55.3116 5.20175
14.5839 80.5286 -10.6178
11.7986 71.1554 27.6796
16.4036 45.6329 13.3954
-9.00989 80.5312 37.1445
-11.3367 42.7723 35.9701
-24.1047 109.341 40.0287
-1.96326 108.987 -27.9921
-14.2343 36.0684 -17.972
-41.0499 87.0089 -3.81511
13.9922 36.2894 23.7426
41.0239 76.2461 -13.7496
19.5781 71.8842 9.06113
-8.7968 47.7766 38.1993
3.60376 77.7001 -21.0687
-36.1132 88.2561 26.6111
-1.43617 32.6952 33.9568
-22.4461 32.6737 -21.0684
-43.1569 74.5257 17.6205
-17.61 33.3316 36.1527
16.3558 109.496 23.465
-42.0965 73.8506 15.4064
-32.5879 29.3257 6.27335
-42.0239 83.049 0.175006
-23.9092 31.359 1.11225
-39.9962 41.4097 19.7936
-0.652751 76.2219 -23.155
-40.2648 51.9623 19.6619
-43.2824 108.143 27.8326
6.64533 44.6137 -18.4148
19.8808 92.4879 1.33764
2.85323 56.0413 -21.0918
-33.9634 49.1074 27.7974
-42.1979 45.4687 13.4941
-29.0809 91.5272 34.875
1.89603 33.9151 27.5526
14.8738 96.0043 -10.5809
-33.2676 60.8444 -12.6325
-19.3134 29.8108 12.7432
11.3751 74.2622 28.1911
-15.4532 37.7723 35.5613
-28.1379 72.9898 -21.4906
-25.1281 76.5536 36.2848
3.36436 49.5812 34.311
6.32049 30.3277 5.27847
10.4428 76.4438 26.6282
5.26664 43.0543 27.8196
11.0153 34.3879 -9.06557
-32.36 75.515 32.1487
-27.0806 65.7654 -21.6826
-31.0061 51.233 -18.9204
-25.3374 91.6249 36.618
-35.3752 29.3935 17.5607
-43.2159 92.6583 11.9528
-0.423051 64.4369 -20.6473
-12.8163 100.808 39.0554
19.0492 59.6955 12.5556
10.8322 49.6783 25.4282
-20.2772 66.7635 -22.065
-14.5555 32.8485 31.5914
-39.3262 83.3909 -7.23121
-35.7782 90.6346 29.734
-43.6404 38.9188 9.40858
19.0668 73.1408 0.22823
-38.0082 108.226 33.6822
5.2611 30.1774 1.50084
8.90803 109.606 32.863
7.11818 54.9251 30.6898
-43.1502 87.8591 6.3188
-20.3327 40.2409 35.4397
17.2324 69.3233 4.39619
-13.8082 31.5833 16.9301
-47.0646 103.302 5.39301
-9.55334 37.2302 33.4909
16.9652 84.0576 11.6954
-23.3551 61.5768 -23.1498
12.6719 89.2237 -13.5357
-9.58361 84.9526 38.7237
-21.58 29.7808 21.217
15.2876 32.7044 17.5907
-25.8555 29.5488 20.7299
17.3858 99.4459 8.08272
-43.3074 35.999 7.12682
21.2012 106.397 -5.21014
-24.1284 43.646 -13.7434
14.6956 69.9387 -10.1804
16.9704 70.5156 11.4364
-43.0642 58.8658 12.9551
34.582 51.6816 -6.32957
-29.612 30.1986 -14.8837
-44.2067 56.682 3.46114
8.16146 74.7654 -17.8363
-37.1599 36.2857 25.4363
-3.34085 63.5905 -21.8408
-9.43624 57.6037 -24.8262
11.8455 84.358 -14.4676
-43.322 75.6446 -3.39304
-20.7133 31.5188 21.1413
35.8062 59.7691 -3.81648
18.1778 66.7309 16.1784
14.2802 32.8807 0.844539
-22.1189 103.822 38.9851
-42.1774 76.3775 -6.38354
19.6409 79.7758 3.95924
-8.27704 90.8675 36.8472
3.10455 59.1209 -18.5267
6.67671 46.9285 32.2055
-24.9355 86.4411 -23.4199
-26.5615 108.195 40.7989
-20.7219 45.1186 -16.6394
17.2305 58.0497 4.66514
-20.4369 69.335 -22.0233
5.13083 80.0591 31.9683
-9.78004 76.4301 38.6526
17.1373 87.7083 10.6727
-45.3266 104.432 20.3323
-28.2771 31.4582 9.19595
-2.65761 74.1838 37.2539
-36.4118 47.8492  27.52
4.43786 71.7641 -17.7007
-20.9357 64.5673 -21.88
-21.4834 31.5493 15.4285
13.1948 32.1115 4.48937
-38.5449 41.7261 1.92073
-31.3526 72.2177 32.8386
-13.2401 29.7813 -13.1733
22.5658 105.95 7.9223
-43.0299 87.1478 12.324
-34.1514 67.553 28.0962
18.0311 38.4276 -1.88463
-32.6052 46.4042 28.9229
-39.7956 70.121 20.4385
13.769 44.2316 -11.0701
-22.6134  89.41 35.5218
-15.1482 30.0496 -10.0833
-7.93777 41.2023 34.2371
-44.5144 98.3561 16.9861
17.3413 84.2205 9.08889
-27.1752 46.7591 32.8913
0.512093 95.1853 -20.4543
-21.9164 31.3043 -0.808629
9.06411 42.5518 -13.6058
-21.7273 47.3232 -16.9275
-32.4914 95.2538 32.7058
7.80955 31.3874 0.239862
14.2762 61.3477 -6.2447
13.5961 90.8464 25.3971
16.9846 81.5553 19.5726
-23.6367 78.3505 36.8831
13.7841 96.6513 21.2697
-0.873753 56.3092 36.3287
-29.5032 74.2237 -20.7785
-32.4035 96.8663 32.7296
-21.5333 35.2061 36.1713
14.4736 32.1832 18.4142
-14.5527 31.7861 35.3487
12.0086 79.8292 -10.6031
-16.4178 31.189 -9.15541
10.9563 101.534 -15.9016
-12.8831 69.044 37.0992
16.1903 107.463 20.383
-14.5261 31.9681 28.2336
-6.37468 31.5066 5.96189
-30.9687 33.0414 -3.88508
-32.6455 100.305 -16.2368
-23.2938 92.3775 35.2904
-41.5158 70.7962 2.07704
-36.3159 53.1635 25.2996
-40.8353 52.274 -7.7717
13.0995 29.8722 -0.649735
-8.32754 97.9068 -23.3717
-36.9274 104.568 -13.2694
-11.1367 54.684 -24.7707
-0.120179 104.596 35.0747
-29.2348 41.1542 -8.75292
16.1431 39.2139 -0.757614
19.7346 85.3898 4.76757
16.4593 69.6994 14.0128
-25.1941 94.7652 34.5637
14.0463 88.319 -6.97098
42.9131 87.9325 -6.85122
23.6676 106.897 5.40925
2.75824 30.2198 26.2342
-30.6956 97.9885 31.4826
14.1462 32.4732 19.6223
 15.04 35.6372 21.601
-19.3221 96.4967 38.3481
14.0549 104.619 26.7999
-6.37022 105.394 37.5044
-27.7275 41.4227 -20.4705
13.3692 40.2765 25.3813
-33.8222 31.6305 21.8823
26.847 46.6361 -8.20978
-21.8469 39.1029 34.9578
15.8868 55.9446 15.6708
-12.4686 77.2137 -25.3458
-31.8946 32.4328 -2.64349
-43.955 108.287 26.8838
-13.5928 92.4117 37.0964
-43.4619 60.4074 15.2738
-23.4985 60.5168  34.84
-31.8531 57.0312 -18.5433
-37.926 57.3621 -12.5572
-35.5624 68.036 -15.9111
9.39269 74.4995 30.2148
-20.0364 97.4589 -25.1577
-8.27402 40.8898 37.8483
16.6578 43.4069 -5.86781
18.0611 104.953 2.88076
16.2211 35.235 3.61855
13.9069 77.4553 -7.19016
-28.8587 75.6785 32.4928
-14.6926 29.6259 -15.9717
-42.7972 82.014 12.5598
-29.5151 96.3267 -21.4949
-9.25722 65.4131 -23.195
-1.00794 73.0394 -23.1634
9.86012 83.3341 -16.5475
-41.4599 58.9037 -6.79196
-18.6521 58.8482 -24.2906
17.1146 50.4156 8.4598
18.2806 105.891 10.2936
24.4899 49.5424 -7.1806
15.7167 106.941 -7.4605
15.2068 104.868 20.1014
19.3647 107.507 5.37646
17.4246 102.395 2.40766
-25.4661 96.3616 34.4373
-38.1886 64.906 26.0722
-42.4373 47.4476 8.95129
-10.4893 53.245 37.1253
-32.1203 44.0411 -17.6273
-11.1762 32.5835 29.2796
5.91465 51.249 30.6172
-17.4536 31.2621 -5.91604
-17.0016 90.9151 -23.0992
43.7498 73.2917 -6.44319
-35.861 66.8819 -9.49695
-30.2987 29.2991 -12.8692
-15.3128 31.1701 -11.5538
-30.0266 42.846 30.8202
-6.19851 41.0178 -23.8927
-18.5184 84.7836 38.3631
-4.76888 88.094 36.3999
-31.4307 60.6549 32.5372
30.8028 98.7713 -1.36254
-11.2925 74.9103 -25.2211
-0.755359 98.7024 -23.7549
-22.4759 47.5431 34.9854
-43.9011 42.9462 7.76738
-19.3483 76.8388 -24.7691
-19.2153 69.8355 36.2959
-43.419 36.7096 7.12545
18.1135 103.596 18.4171
-12.684 102.092 39.2875
-43.0085 56.5721 10.2497
22.4235 109.711 8.07687
-44.5422 106.943 26.0719
-8.38096 33.3209 -22.7012
-18.8592 51.4059 -24.011
-40.5154 81.2353 -10.2282
17.2193 99.5055 2.77234
8.03824 31.3808 0.523591
13.5998 48.195 25.2062
-44.1836 69.6218 13.6103
-40.9501 70.8699 18.0544
9.98926 72.7173 29.6338
12.1152 73.9746 -13.9748
16.2321 61.1984 -0.924689
-15.5918 35.1769 -16.6665
-13.7993 106.344 -24.7709
20.0136 92.8044 -2.84881
28.9052 96.6564 -10.3056
-24.8714 70.1443 -20.4597
15.8117 100.835 16.8207
-3.84029 74.1692 37.5348
8.72055 42.8208 25.3866
16.9488 59.2875 11.469
-17.3425 85.1676 -25.4302
-37.1646 29.7823 15.8439
-43.2769 74.8003 8.55728
-8.28397 95.5058 -23.3941
 9.388 65.6234 -13.4658
-38.2603 78.7475 -8.1366
-4.55072 40.8934 32.6651
19.6678 68.4457 6.75504
-37.261 47.3876 26.4007
-21.4784 31.5518 15.0087
-11.2886 30.2444 -7.59635
16.9899 83.2247 11.4659
6.38415 109.38 34.288
15.7801 61.9794 -8.25711
-25.1243 39.3557 33.5073
12.4252 30.1994 14.814
15.0718 46.7676 22.9672
16.8803 89.0098 12.455
-32.5717 94.9352 32.6595
39.8322 71.069 -13.8253
-16.8716 91.2865 36.8765
-38.2766 68.8315 -4.83047
-18.9678 106.052 41.4978
4.56192 38.7594 33.3782
-16.8751 51.2293 -20.7476
-4.946 67.9879 36.8312
-24.0477 68.5054 36.5703
13.8872 54.1869 24.8916
17.059 40.9152 5.33889
-13.0881 29.8876 13.7915
-23.4187 50.6545 -17.5662
-9.94032 56.4061 -22.808
-10.8392 46.8494 -22.2148
-9.99995 33.1879 36.1833
19.3049 84.8113 1.19422
-24.9545 102.659 37.4281
 8.049 98.5225 31.3996
2.51977 56.8249 -18.861
-9.50716 76.2978 38.6263
-13.5499 71.1861 37.0717
-49.3822 105.737 8.19722
14.3862 108.41 -11.3712
-37.6587 29.6445 -2.07578
-13.4136 48.088 36.7807
-5.68338 37.3105 36.9166
-9.9911 30.1674 -5.41411
14.4257 106.42 29.1395
37.1687 96.4622 -8.22201
-9.88948 30.0336 -0.453438
-28.5461 99.3713 -22.18
-40.3855 102.552 25.953
-14.7791 74.2702 36.9925
13.0847 45.3005 -11.9902
27.1029 100.385 -4.42996
14.562 102.336 20.384
-18.7815 76.5929 36.4444
-23.0463 60.2392 35.0141
0.0983456 84.5933 34.9445
-21.5857 35.5075 36.2287
-10.1544 76.2329 38.6848
-6.0354 29.8397 10.3212
0.890606  55.58 -19.8279
2.17135 102.96 -19.9103
-26.719 102.956 34.501
-6.28383 31.4841 -0.0242982
-21.4898 91.7004 35.8998
10.3389 83.6367 -16.0703
-3.53284 29.8585 1.41006
13.7844 100.107 -12.2056
-33.8331 31.3986 7.05453
-43.9323 71.2734 14.8331
-33.3985 107.602 32.335
-1.74015 96.6727 -24.1191
-41.037 84.4295 -3.49041
-5.06213 109.081 -25.7032
-42.9986 78.798 -4.80791
-42.5669 89.8373 20.5287
-6.26084 29.7694 14.0962
-44.0527 67.1598 13.7444
-22.3531 109.038 41.7249
-25.8989 29.5498 -3.36402
9.07921 106.221 34.055
-39.7374 64.0345 20.3962
16.4696 36.2448 -6.29027
3.13057 51.5694 34.4726
-25.3065 38.1543 33.1944
-14.3222 29.6805 -17.4905
4.11673 31.4061 4.02996
13.4418 37.6838 20.8275
-24.0692 34.0858 -10.7266
6.30019 33.9416 -17.6934
-25.0522 91.5074 -20.7517
14.524 42.6321 23.7648
-29.1519 30.6346 23.9516
18.2482 80.1944 -3.0172
15.091 33.9603 0.975982
39.6666 94.4339 -6.86293
-30.6533 106.686 -25.744
-43.3921 36.4679 9.56807
-37.6334 76.9904 24.3332
-37.6213 31.3255 -6.54187
-25.6499 31.4602 6.43559
16.9868 40.7847 4.37881
13.2164 105.938 -10.5946
-21.0571 94.6833 -22.2357
12.1328 83.3372 -14.1302
10.8214 64.401 26.7956
9.58317 44.3097 29.7281
-39.8588 106.619 -18.6337
-31.0647 29.3039 -3.09008
15.1148 62.8411 23.0131
-21.2336 37.061 -13.6964
-32.3727 89.4152 -19.5316
9.71097 90.7071 -13.348
-6.23424 43.0841 -22.0723
-28.4403 54.1463 -20.5712
12.0679 40.1187 -13.2582
-5.50508 29.8928 7.26833
-39.0458 94.2932 22.6121
-26.0711 49.3969 33.5703
13.6413 52.3142 -7.9862
-25.9473 72.6862 -20.0224
11.4376 62.6491 25.9644
-27.959 30.7982 23.4545
-5.10515 94.4626 -22.8164
-35.9055 31.7602 11.7755
9.29308 31.9434 -5.33843
-28.8131 80.7884 34.625
-0.960065 88.9543 -23.6652
-34.81 101.666 -14.3089
-34.2129 89.7741 -14.4175
-33.2626 61.0372 28.7791
13.094 44.3382 22.1193
-41.9083 108.021 29.6384
-35.0691 29.3771 17.1743
-37.5082 75.9806 -8.75567
3.42223 105.328 33.4803
-42.3721 46.7821 9.03565
5.64828 40.8752 -19.0696
16.4393 62.9518 13.9767
14.0964 36.4128 23.6079
6.91375 31.3987 5.57523
-32.9775 42.7442 28.5039
-34.0543 106.918 -23.84
17.325 72.7048 5.10992
36.9995 91.6723 -13.3111
-26.4891 42.7394 35.0973
-36.2603 29.0643 7.04946
-43.481 92.682 10.2189
-35.4407 70.866 29.3859
7.69167 52.254 31.5146
10.0508 74.3885  29.58
-30.2238 41.6249 -18.9368
2.92226 71.091 33.7922
-44.6937 67.3326 8.92936
-4.10603 31.5336 21.522
-37.3665 67.8673 -6.57588
-38.1207 75.1357 26.5155
-12.3813 84.7957 38.8986
-39.4129 71.2598 -3.24532
-25.2145 36.3517 -21.4183
-30.7826 42.593 30.3032
-21.7359 37.7176 -13.5318
-0.260338 96.8742 34.1605
-40.6547 30.9705 8.29471
-13.1134 65.4169 -23.4048
-32.3518 82.0151 -19.3205
34.6848 92.2745 -8.53281
-34.4193 83.3238 -14.0087
25.0979 99.1261 -9.41282
-45.1373 107.241 -0.00816334
-23.9846 81.7628 -21.0793
-41.5913 105.758 21.3612
-4.17288 43.0708 37.1336
8.59466 31.534 -12.9427
-23.2555 29.812 -2.37242
38.4602 77.8339 -10.6879
-47.5992 107.989 19.9438
-8.8518 75.9237 -25.1665
-40.9002 31.5405 11.1681
-37.609 38.7853 1.39467
-7.65636 82.9353 -25.2681
-39.9195 62.8685 23.4937
-24.09 47.5613 34.3726
-12.6997 36.0816 37.4641
17.4115 106.099 15.6127
-6.77915 102.39 36.8114
16.8436 56.3994 11.8595
2.79956 64.2351 34.2976
17.4285 80.8715 18.483
-42.7438 34.6319 10.3336
-10.0269 53.342 38.3607
17.0536 99.4169 -7.01972
-41.2643 87.1439 22.6398
-15.2254 30.1747 -6.66675
35.1468 93.4998 -4.08307
3.62349 70.4442 -20.8373
-29.7241 32.3315 -4.17178
-21.7355 31.6682 7.06966
38.7529 57.5011 -5.05997
-43.8957 78.5191 -2.19623
4.52641 89.0603 34.0245
11.1122 52.3734 25.828
33.4174 58.9391 -8.46024
-18.5961 99.2236 36.5731
9.52082 48.7374 29.8822
1.05838 31.557 -9.25783
15.3588 33.8523 6.81053
-2.38709 65.281 -23.4287
-12.5449 60.1023 -25.0213
-34.0262 95.6574 31.4662
42.3444 68.9973 -3.6337
16.1107 35.4186 2.33713
-19.9176 61.6293 35.9644
-16.0983 79.012 -25.3297
-37.9025 69.4678 23.7495
-32.8413 88.0049 -19.1521
8.96663 108.357 -17.5509
43.2865 82.9721 -4.16522
18.8541 44.304 1.62264
-24.1549 46.2148 36.1494
-10.852 31.3414 -7.97138
-44.9372 104.317 20.9291
-14.7409 93.0932 37.0261
6.71406 85.9748 30.8562
-29.1999 58.7284 33.9005
-22.8596 29.7773 14.6354
-35.8733 69.4031 28.9007
6.83986 57.7904 31.3297
-6.99392 39.0249 -23.9942
-35.7846 64.5851 -15.4715
0.241465 31.0172 31.5658
-20.8962 42.3952 -23.2424
-8.55695 49.6759 -22.8057
16.6248 56.9387 0.721763
-36.3013 87.5137 29.0676
-31.6959 71.9673 30.446
-14.6647 52.0396 36.8247
-0.400502 50.6048 -20.4463
-45.1257 105.727 6.8964
4.67891 31.6501 14.6556
-12.9631 48.5374 -24.6376
-31.4517 109.158 -23.1623
-11.5005 30.0596 1.94447
30.5263 100.007 -6.59467
-35.1874 72.0096 27.2541
-23.937 99.9964 -21.3014
-15.6212 88.0652 -23.2351
-43.4178 43.2225 12.6954
-43.6747 43.4806 3.26982
13.1471 57.8431 25.8836
2.41909 30.1752 -6.91086
-18.851 99.7923 -22.749
-14.6321 29.8919 10.4981
37.6186 57.2801 -2.1833
9.8975 30.2124 9.48135
-27.5566 31.316 -4.10689
-34.7499 75.9955 27.8209
 14.33 65.7382 -6.27321
-31.3453 94.9889 30.9653
15.9783 79.2243 -8.31225
-32.8665 31.0185 16.7936
-19.3402 107.485 -25.1872
19.151 70.5291 12.3311
8.91774 32.0708 -6.17045
13.9669 46.4789 -10.8438
-15.6469 100.204 37.065
16.1686 50.448 -0.914064
-28.5797 63.1527 34.343
12.546 95.4897 26.7887
-21.0761 71.9276 -24.1673
43.2002 71.1495 -8.17487
-20.1711 47.5974 37.3923
-41.6562 87.8163 -8.87296
7.96044 49.6316 31.2449
17.0391 45.198 18.9275
-27.5722 35.723 33.7828
19.9176 109.724 -4.15223
-6.01652 98.6936 -22.8949
14.7682 94.8705 -10.7163
12.5278 51.303 -12.7719
4.7306 31.4458 8.85104
6.6003 31.3625 4.44267
-19.1305 39.7835 -23.6643
-40.5806 37.4276 16.9005
-5.42156 34.7358 36.2067
12.8396 68.3609 23.168
-1.14302 69.5755 -20.9051
18.4955 107.159 24.3785
-32.0623 95.0634 -16.4947
-43.2497 91.5164 -5.9148
-40.7657 70.7312 0.163927
-11.2531 77.1613 -25.3269
-6.247 89.4437 -23.1413
-48.0375 105.586 16.2607
2.82151 82.576 33.586
-13.2782 108.828 -26.7272
28.6173 46.4559 -3.6541
-44.5444 104.255 7.32506
  8.86 91.199 -14.3852
9.86328 109.787 33.6281
-41.1852 33.0643 -0.215304
-0.0985892 106.084 39.2827
-18.5082 98.3442 38.5056
-35.0972 39.6703 -2.16665
4.95131 68.841 32.598
-19.8148 81.9281 36.2654
40.2797 64.5959 -11.4927
14.7245 97.9067 19.3767
-25.9315 50.318 33.6752
-39.6917 30.5825 1.84208
19.2084 109.01 -2.18792
-23.7018 29.6334 19.2573
3.82391 38.9885 33.7973
-11.9053  29.91 14.9186
16.1423 109.772 26.527
3.9232 90.1328 -21.2702
14.5068 83.3523 24.0208
16.8331 89.1722 0.597299
19.6711 76.8356 5.36318
-43.4781 106.102 -3.72733
-39.2906 62.0505 0.707715
-17.7073 46.4429 37.9677
-40.6001 86.0918 -4.82805
-22.7962 55.5059 -19.6923
-42.2263 101.151 -8.85032
19.5722 76.2036 10.1988
7.05416 33.0897 23.567
17.0768 55.7081 9.69631
-12.0679 41.4148 -24.5179
-18.4324 31.5397 19.3753
-22.4816 31.5043 21.7786
-41.5234 86.973 -2.45811
-35.6909 89.5161 -12.8128
-22.7935 53.0435 -18.8833
0.220954 57.6012 35.9012
17.1715 71.3359 3.76639
-18.3543 92.5898 36.6099
4.51858 72.3119 -20.3758
5.04036 101.501 -17.8482
1.86058 31.8236 15.7082
-31.8062 59.741 -18.7152
-10.073 32.5583 35.7888
-42.3561 49.5033 -3.79541
-8.81826 101.977 38.8299
32.8927 51.2033 -0.912634
13.8011 35.9643 18.5322
14.0734 82.2586 -6.92327
4.59454 67.8087 -17.5152
16.2814 101.933 -8.63112
-32.304 98.1574 30.2864
3.72644 31.7918 16.6669
-40.4859 56.3233 19.3695
-20.1377 86.6618 -24.9061
-36.1184 36.148 26.7952
19.4217 49.3051 8.92384
15.9418 35.5242 10.7959
3.59623 53.462 -18.1582
-18.2693 95.7419 38.5328
-24.9511 29.6433 -3.11629
43.1685 72.6951 -4.17985
7.60427 101.777 -15.7799
38.5088 76.1011 -10.2261
-44.5157 66.0955 10.484
43.266 84.7882 -8.2152
-31.6937 73.3954 32.6099
-14.36 43.2265 36.4801
-26.8707 57.7331 -21.499
-37.269 86.6527 27.925
-20.3453 38.4525 37.1251
-5.06034 103.833 36.6839
5.33562 93.441 31.3547
8.73905 45.0026 30.5053
-23.2536 100.339 -24.5374
-38.0635 87.7911 -14.1437
17.4785 99.2024 5.11157
-12.8041 105.128 -28.264
-14.9121 86.7361 -23.3044
-38.6158 35.3294 -9.46049
17.7815 103.195 18.8751
15.3838 50.7156 22.4139
12.195 68.5178 24.3697
-40.1137 71.487 23.6841
19.2027 101.552 12.7143
-39.1416 35.9451 19.3421
-33.0741 79.808 31.7301
-22.9232 51.6909 36.7191
1.41876 99.6287 -20.0084
-8.4503 32.5019 35.5843
18.8815 101.656 -2.4397
-3.30139 61.5714 -23.6692
-5.46096 60.6546 37.1953
-28.6233 71.1258 32.5299
-36.445 45.606 -13.534
-32.5649 56.6923 29.3021
41.3933 63.6357 -4.59016
6.55856 64.6661 -18.8564
-3.34053 33.2009 -21.7339
4.75525 93.0107 -20.8004
5.63198 101.917 31.1486
-38.991 42.813 2.43467
5.2589 73.469 33.4396
-0.748435 44.5758 36.1531
9.39915 54.2442 -13.5736
-36.4312 84.0498 28.756
-19.5819 39.4396 -23.514
-36.0761 105.93 -15.295
-39.926 98.6795 25.3244
16.6293 87.404 20.3585
14.2844 35.2815 22.6593
-43.3289 101.92 -7.02511
-33.5339 33.0165 27.6266
-7.04682 65.2819 38.1329
-42.5837 95.4903 14.5664
-25.9106 50.6466 -16.1054
18.4227 74.3301 15.5292
-38.0674 36.3627 24.1917
8.90607 46.6966 30.3852
-4.03353 100.321 -22.3304
-4.3449 69.4456 -24.1187
-37.2092 76.3455 -9.45303
0.294985 31.4199 5.19218
-38.7405 87.6588 -13.338
-39.1276 70.8442 -3.67192
-23.7448 75.5453 -21.104
-39.0775 70.3801 25.0718
14.2436 72.9653 -10.9605
17.9261 104.462 2.74953
11.5406 60.536 -14.2494
-32.5895 83.1482 32.1998
19.1816 81.9578 12.4848
10.3191 80.8565 29.2894
18.7058 100.717 14.7642
-13.2185 75.7818 37.1169
17.2927 66.2607 5.98664
11.2672 30.0735 13.2796
-26.8252 92.3459 -19.9365
-18.2546 87.6761 -22.826
28.4504 51.8859 -9.38118
-17.1027 60.8061 -22.3631
4.08253 36.5023 27.359
9.95533 44.5886 29.3671
-41.7972 50.0185 16.3351
-7.99659 31.677 17.2174
4.00117 107.71 34.3757
-38.2729 58.1544 -12.1816
16.7363 56.3183 12.3574
-31.1496 104.065 -22.4647
4.61118 60.0776 33.7703
7.56938 45.4388 31.465
-28.4522 46.5291 34.0581
-16.3213 30.008 25.5362
3.22062 30.2827 24.6856
43.9063 78.1377 -7.67327
19.3123 54.7773 2.63588
4.36191 88.3782 34.1218
-28.2482 55.9929 34.4099
10.9481 31.7635 10.047
19.0934 36.4944 2.97009
5.85511 30.1413 -4.54752
-11.2318 57.5629 -24.8827
-4.6492 73.861 -22.4138
-3.33227 81.0845 -22.0312
-33.2188 29.3561 11.3374
15.0057 35.981 15.211
-23.7373 83.4005 35.1042
-24.7962 76.5475 -20.6675
-16.677 31.6465 -13.2276
16.9525 86.6241 11.9444
-30.9621 92.8432 31.2294
22.9729 109.485 3.75069
-45.42 106.297 6.68993
35.6249 53.6838 -7.86232
12.4694 31.9627 6.96504
17.6288 91.1789 18.0354
-35.7916 29.0712 3.62216
-27.3761 86.0794 33.4442
13.5202 67.0434 -11.9725
-33.3852 42.4754 28.1406
-13.0095 97.9182 38.9947
-41.7344 82.0778 -0.815118
40.2436 91.4992 -10.8834
23.0574 106.566 9.5438
13.4015 101.686 25.7066
13.2228 34.9063 18.2256
4.40409 97.3854 31.6721
-18.6307 83.9263 -25.1689
-10.8869 73.6018 -23.3813
-21.0757 77.9596 37.7029
-32.303 45.9278 -17.526
7.44792 56.9935 31.7929
-5.63618 92.302 38.2016
17.1683 77.4801 3.3581
15.5125 49.4952 16.9295
36.8401 90.0945 -13.0438
12.8866 72.7225 -12.9584
-18.499 31.5526 2.73525
-44.9508 82.7215 1.73392
-6.98421 106.019 -23.8947
-33.6488 61.3893 -17.3225
-14.5526 80.2569 38.7415
19.6877 82.7564 4.25682
11.7784 93.2394 27.7191
36.2885 65.0582 -7.76755
-22.1521 91.8453 35.6763
15.745 106.416 -15.5733
2.06365 51.0394 -19.0488
15.4033 32.5559 -3.68923
-35.6378 63.4725 -15.5796
-4.21774 53.4582 36.5394
16.6839 96.326 13.5307
-37.4842 82.5376 -10.0801
5.15377 46.357 -16.9605
14.3187 92.5811 20.2361
19.414 63.4684 10.2523
-36.5007 73.9913 25.6817
43.1405 76.3686 -10.4358
-1.07965 36.519 -22.4436
 8.584 79.8677 28.7857
0.267256 81.6185 -22.9508
-20.3299 85.1592 36.1715
16.8926 81.4894 12.0643
15.6528 39.282 -2.37137
19.0405 35.478 4.67165
3.77099 32.4674 -17.9818
3.13878 67.0777 34.6118
-12.3497 30.3279 33.3949
18.0181 70.8461 -3.41089
14.6429 36.508 16.9691
13.8928 108.545 -12.2585
-41.0246 79.5857 18.2661
-36.926 60.2799 -4.34662
-14.3636 31.4283 -2.79919
-42.9851 47.6133 14.9381
17.5085 68.4017 -4.69642
6.04072 86.8651 -19.7792
14.8686 106.812 -8.95232
17.7425 101.665 17.9694
-38.0693 53.608 22.9041
-36.3544 50.5652 27.6667
8.21202 80.0476 -14.9184
15.4981 69.7618 22.3267
-35.6715 92.8547 -16.9426
-20.2391 37.6638 35.1541
-16.8346 30.0544 -9.54926
-21.8951 63.1405 -23.7182
-45.8807 96.2932 7.13789
13.6921 51.9446 -7.8963
6.75622 32.0363 19.1448
-24.7982 30.9343 -18.6475
-23.8918 87.4181 37.0645
-20.0643 89.0437 -24.9896
19.0705 109.789 19.5994
-4.20573 45.659 -21.8179
-32.7123 31.0632 26.5947
4.30451 88.2324 -21.0054
-11.0149 93.1142 -23.422
-34.6687 71.8084 -16.8944
15.3984 34.4402 10.3471
-26.0512 31.9186 -18.847
0.853652 56.1836 -22.0447
-11.6567 75.6157 -23.3616
6.86769 98.8841 -16.2218
-0.235959 108.578 40.649
-26.1313 29.3683 -10.2317
17.2071 64.6477 9.19554
-39.4589 92.1374 -7.49884
-12.7413 95.1246 -23.3138
-8.12623 74.4256 38.4798
-39.3397 80.2378 21.8242
-34.6897 77.2301 -17.1316
-29.4229 38.2194 33.2705
-4.91243 36.9979 -23.5627
-5.26659 39.165 37.2264
37.2212 87.1349 -10.7744
-45.4977 108.97 -6.77486
4.63642 84.0861 33.9501
