   2.1634476e+01   5.9222110e-01   1.5821843e+01
  -3.3235324e+01  -1.4208579e+01  -7.0482734e-01
   1.7050760e+00  -3.6438579e+01  -1.2968857e+01
  -3.0696240e+00   1.2737121e+01   2.9889443e+01
  -3.1441924e+01   3.0283921e+01  -1.3619437e+01
  -2.2848524e+01  -1.4016779e+01  -2.5786857e+01
   2.3192576e+01  -2.0771279e+01  -1.3106567e+01
   7.8779930e+00   5.3624211e+00   2.9309443e+01
  -1.6822124e+01  -3.6903179e+01  -8.5019373e+00
  -4.3105240e+00  -2.6806579e+01  -2.7064557e+01
   1.8843276e+01   2.5661221e+01  -2.3710457e+01
  -3.1196524e+01  -4.9424789e+00  -4.6032673e+00
   3.2695976e+01  -2.0368079e+01  -6.8175283e+00
   2.3648876e+01   2.5238921e+01  -1.2458917e+01
  -1.4271524e+01  -3.0809079e+01   2.8613143e+01
   2.0621676e+01  -2.3049789e+00   1.7871743e+01
   4.2729560e+00  -3.1681789e+00  -3.1295257e+01
  -1.8052124e+01   3.9446021e+01   3.2155943e+01
  -1.8801224e+01  -3.5152379e+01   8.8446427e+00
   3.7544276e+01  -1.9374879e+01  -1.4556357e+01
  -2.5657824e+01  -1.8324079e+01   2.2416843e+01
  -2.9905124e+01  -2.3236879e+01   1.7006243e+01
   5.1612076e+01   1.9492021e+01  -1.6091317e+01
  -3.2983224e+01   1.9940121e+01  -1.5965837e+01
   2.0633976e+01   1.9741521e+01  -1.7905657e+01
  -2.2864524e+01  -8.3978900e-02   2.5267143e+01
  -1.3752524e+01   3.4339021e+01  -3.2075857e+01
  -1.7937724e+01   2.9061321e+01  -2.7270657e+01
   2.6463876e+01  -2.6414789e+00  -1.1180927e+01
  -2.1647824e+01  -3.6990179e+01  -8.8433734e-01
  -1.1150424e+01  -9.0712789e+00  -2.8296657e+01
  -6.7710240e+00   1.6338321e+01  -3.0541157e+01
  -2.2307324e+01  -2.5193479e+01  -1.4329437e+01
   1.8286136e+01  -2.6466789e+00   2.1311343e+01
  -4.6733240e+00  -2.9409779e+01   3.0399843e+01
  -2.4153724e+01  -1.9587779e+01   2.3779743e+01
   8.7115535e+00   6.4407211e+00   2.8016043e+01
   2.5538276e+01  -2.2516279e+01   3.4878427e+00
  -1.7263924e+01   2.2211621e+01  -2.7569957e+01
  -2.6075124e+01   2.6617521e+01   2.0805543e+01
  -2.4105424e+01   2.3439321e+01   2.2588843e+01
  -1.5992724e+01  -3.5189379e+01  -7.6870033e+00
   1.1382326e+01  -3.5006379e+01   4.2472427e+00
   3.3231160e+00  -3.6336479e+01   1.5677843e+01
  -1.2584024e+01  -3.1340979e+01   2.6556043e+01
   3.9245960e+00  -3.6670979e+01   1.1443843e+01
  -4.4155240e+00   3.2373211e+00  -3.2378857e+01
  -3.7873724e+01   4.1707021e+01   1.1593427e+00
   2.7125176e+01   6.2482110e-01   8.1448427e+00
  -2.8055024e+01   3.1585211e+00   1.7940643e+01
  -2.6815124e+01  -2.6415279e+01  -8.9726873e+00
  -3.2519240e+00   1.8179321e+01  -3.2917357e+01
   1.1622146e+01  -1.2401779e+01  -2.5847357e+01
  -2.9038824e+01  -1.6133779e+01   1.5942643e+01
   2.5194376e+01  -8.9798789e+00  -7.2231025e+00
  -5.6714240e+00   3.0065121e+01  -3.3126657e+01
   2.6049076e+01   2.5908021e+01   2.1963727e+00
   9.5969750e+00  -3.6582979e+01   7.3246427e+00
   1.7643616e+01   2.8322021e+01  -2.1614657e+01
  -4.4545240e+00   3.1933821e+01  -3.0576057e+01
   2.4398476e+01   1.7742221e+01  -1.0586997e+01
   2.2400276e+01   3.3481221e+01  -1.5142027e+01
   2.6222676e+01  -1.5441879e+01   1.0626643e+01
   1.9341976e+01  -1.1196279e+01  -1.9535557e+01
  -4.5494240e+00  -1.8027789e+00  -3.2409357e+01
  -3.4229124e+01   3.5258211e+00   4.0229427e+00
   4.2279160e+00  -3.6574779e+01  -2.4853073e+00
   3.0087076e+01   3.9415021e+01   7.3591427e+00
  -1.5113224e+01  -2.1333179e+01   2.9008843e+01
   9.8728595e-01  -4.0057789e+00   3.0085943e+01
  -2.7619324e+01  -3.4505979e+01   1.1281143e+01
  -1.1929240e+00   2.6367821e+01   3.1579743e+01
   1.0854996e+01  -1.7286379e+01   2.5090643e+01
   3.9878460e+00  -4.7409789e+00  -3.1324057e+01
  -2.7379240e+00   7.4608211e+00   2.9871943e+01
   2.8358376e+01   4.1666021e+01   2.2759927e+00
   1.1434606e+01   1.2024321e+01  -2.6230357e+01
   5.9306595e-01  -1.0844079e+01  -3.1903857e+01
   2.5043276e+01   4.7622110e-01   7.2016427e+00
   2.8122876e+01  -1.3176579e+01  -5.3259573e+00
   4.2653176e+01  -1.1363479e+01  -1.9004857e+01
   2.4443576e+01  -3.1414879e+01  -6.5047203e+00
   4.9398676e+01   6.4406211e+00  -2.0870457e+01
  -1.2590540e+00   3.9836021e+01  -3.6721157e+01
   1.6110376e+01  -3.4980579e+01   1.9468543e+01
  -1.6964824e+01   1.4343221e+01  -3.0176957e+01
   7.7811670e+00  -4.8048789e+00   2.9126843e+01
  -3.3661524e+01  -8.0211789e+00   7.8537427e+00
  -3.5020024e+01  -2.0536779e+01   3.7643427e+00
   2.3236776e+01   5.0090211e+00  -1.7743557e+01
   1.8075166e+01   3.3122021e+01  -2.1182757e+01
   1.2602866e+01  -3.6225779e+01   1.4511843e+01
  -2.3694124e+01   4.6842110e-01  -2.5834357e+01
  -8.6059240e+00  -3.6581279e+01   2.0595943e+01
  -1.3247240e+00   3.7936021e+01   3.0472543e+01
  -7.1834240e+00   4.7859211e+00   3.1251343e+01
   1.8925876e+01   5.8637211e+00  -1.9970357e+01
   2.6013376e+01  -7.7007890e-01  -1.0928173e+00
   4.8042660e+00   3.7064021e+01  -3.3104857e+01
   1.7104866e+01   4.2328021e+01  -2.5815357e+01
   3.5641076e+01  -1.5631679e+01  -1.2556147e+01
   3.1032276e+01   3.9521021e+01  -6.0605173e+00
   4.6954776e+01   2.2663321e+01  -1.2749307e+01
   3.8179276e+01   3.0242121e+01  -1.8203457e+01
  -2.7649824e+01  -1.6429179e+01   1.7845543e+01
  -1.5666240e+00  -8.9741789e+00   3.1149043e+01
   2.7535276e+01   3.8653021e+01  -1.5215477e+01
   2.3454876e+01   1.9569521e+01  -1.7794757e+01
  -7.7879240e+00   4.2791021e+01   3.5129043e+01
  -1.5049724e+01  -2.8842679e+01   2.6693543e+01
   4.0629176e+01  -1.7810579e+01  -1.0576877e+01
  -1.5184424e+01   1.0333211e+00  -2.8129657e+01
  -8.4164240e+00  -3.6556679e+01  -2.6248457e+01
   2.4615376e+01  -1.8719379e+01   8.2015427e+00
  -3.4252724e+01   1.4402521e+01   1.1598843e+01
  -2.1719624e+01   2.3811721e+01   2.4337943e+01
   2.3920676e+01   2.0468921e+01   1.5747043e+01
   1.2445516e+01   7.5673211e+00   2.7207543e+01
  -2.2268524e+01  -3.7042379e+01  -9.7802734e-01
  -2.9202424e+01  -9.8047789e+00   1.8779243e+01
   2.1900476e+01   3.3927021e+01  -2.0275357e+01
  -2.0910424e+01   3.7065021e+01  -2.6345157e+01
   2.7746376e+01  -1.8422979e+01   5.1047427e+00
  -1.6566924e+01  -3.4055679e+01  -1.5930347e+01
   1.8992276e+01   3.8017021e+01  -2.5864257e+01
  -5.2935240e+00   1.5534121e+01   2.9803843e+01
   2.5031476e+01  -3.3633579e+01   8.0998427e+00
   8.7673551e+00   8.3535211e+00   2.9033843e+01
   2.3960876e+01   2.9255221e+01   1.5648143e+01
   2.2625476e+01  -6.0946789e+00  -1.8531457e+01
   2.5994376e+01   8.5112211e+00   2.1060227e+00
   1.9233376e+01   3.4666021e+01  -1.9795457e+01
  -3.3135224e+01  -1.7246789e+00   7.7221427e+00
   1.1883196e+01  -2.9068789e+00   2.7317443e+01
   2.1426476e+01  -2.6913579e+01   1.5179243e+01
  -2.5888924e+01  -3.6429979e+01  -1.6712167e+01
  -4.8990240e+00  -3.6610679e+01   7.3146427e+00
   3.2423576e+01  -1.6523479e+01  -1.0963377e+01
  -2.8032240e+00  -3.0238789e+00   2.9873043e+01
  -3.7246224e+01   3.7657021e+01  -1.0804747e+01
   1.2601626e+01  -3.4265789e+00   2.6492443e+01
   1.3058896e+01   2.8963821e+01   2.6921943e+01
  -2.3099824e+01   3.4129021e+01   2.3670943e+01
   1.4399716e+01  -4.4198789e+00  -2.6749757e+01
  -1.5205524e+01  -3.4667479e+01   2.6111243e+01
  -3.2397424e+01  -1.1186379e+01  -2.0524073e+00
   2.3312576e+01   1.4030621e+01  -1.7871957e+01
   2.0527276e+01   4.6574211e+00   2.0425443e+01
   2.5132276e+01  -2.0865079e+01   6.1412427e+00
  -2.8121405e-01   1.4033221e+01   2.9890343e+01
  -2.6080240e+00  -2.3725679e+01   2.8715943e+01
  -1.5376024e+01   4.2843021e+01   3.2774543e+01
   6.7654160e+00   4.2489021e+01  -3.5246257e+01
  -5.5056240e+00  -3.0429579e+01  -2.5226157e+01
  -3.2321224e+01   2.0510921e+01  -1.1069267e+01
   2.2720876e+01  -3.0208579e+01   1.6488443e+01
   4.9752576e+01   9.7481211e+00  -2.1003757e+01
   2.8306776e+01   5.3862211e+00   1.8069727e+00
  -6.8124049e-02  -1.8721379e+01   3.0945143e+01
   1.2332436e+01   1.1202121e+01  -2.8322857e+01
  -2.7384524e+01   2.1758121e+01   1.9356943e+01
   7.2925060e+00  -3.3802779e+01   2.6702643e+01
  -1.3717424e+01  -3.3824279e+01  -2.8322557e+01
  -3.4428224e+01   8.0277211e+00   1.0366343e+01
  -8.8813240e+00  -3.3166379e+01   2.8898543e+01
   2.5084476e+01   4.2998021e+01   1.6210843e+01
  -3.3367824e+01   7.3526211e+00   8.1522427e+00
  -2.3859224e+01  -3.7172279e+01  -9.8080734e-01
  -3.3295224e+01   1.6551021e+01  -7.0791513e+00
  -1.5180524e+01  -3.5138979e+01  -6.1419073e+00
  -3.1267524e+01  -2.5088279e+01   1.2539443e+01
   8.0759250e+00   9.7239211e+00  -3.0409157e+01
  -3.1536124e+01  -1.4535679e+01   1.2407743e+01
  -3.4553724e+01   4.1645021e+01   2.0578443e+01
   1.5374006e+01  -2.1884279e+01  -2.5668957e+01
   2.8609476e+01   2.5989921e+01  -5.9165173e+00
   1.1581906e+01  -1.0456679e+01  -2.8345957e+01
  -2.5234724e+01  -1.7390579e+01   2.0543243e+01
  -3.3469224e+01  -2.1029279e+01   6.2399427e+00
  -2.0352224e+01   2.5029221e+01   2.7620843e+01
   1.0624706e+01  -3.2582879e+01   2.0298443e+01
   2.3602476e+01   2.9506321e+01  -1.7835057e+01
  -2.4538924e+01  -5.6535789e+00  -1.9886657e+01
  -1.0584724e+01  -3.6687179e+01   5.4890427e+00
   2.0103776e+01   7.7642211e+00   2.0936943e+01
  -6.7245240e+00  -2.8725679e+01   2.8307143e+01
  -1.9409224e+01   6.4918211e+00  -2.8744757e+01
  -1.6399424e+01   1.0055621e+01   2.9030643e+01
   1.2093036e+01  -1.6916779e+01   2.7056843e+01
   1.5049166e+01  -3.6170279e+01  -1.9756873e+00
   1.9171476e+01   9.9458211e+00   1.9374043e+01
   1.3995316e+01  -2.3443679e+01   2.0565443e+01
   1.9743976e+01  -3.2110079e+01  -1.6319727e+01
  -2.3631324e+01   9.0170211e+00   2.4894543e+01
  -1.8351924e+01  -7.3257890e-01  -2.8936757e+01
  -2.2277424e+01  -1.5264979e+01  -2.6174557e+01
  -1.6608724e+01   2.5126921e+01   2.9363843e+01
  -2.6646524e+01  -3.7104479e+01   1.0306543e+01
  -3.4487224e+01   2.6160321e+01   4.6986427e+00
   8.3056250e+00  -2.0610789e+00  -2.7901457e+01
  -4.0876240e+00   3.4310021e+01   3.1801243e+01
   2.7777876e+01  -6.8024789e+00   5.3014427e+00
   1.9560876e+01  -1.6819679e+01   1.8174043e+01
  -1.1548524e+01   2.6552110e-01  -2.9319157e+01
  -5.8268240e+00  -3.3649479e+01   2.4337243e+01
  -3.0597524e+01   1.6892921e+01  -1.4485367e+01
  -2.7049524e+01   2.4136621e+01   2.2479843e+01
  -3.4911724e+01  -2.7579179e+01   2.1544227e+00
   2.7795476e+01   6.6428211e+00  -7.0259273e+00
  -2.9279524e+01   4.1728021e+01   2.6428043e+01
   1.3989776e+01  -3.6320579e+01  -5.7533173e+00
   1.7636706e+01   4.3108021e+01   2.5608843e+01
   1.5846856e+01  -1.1572879e+01   2.3435643e+01
  -3.4421524e+01   2.1361121e+01  -9.3535734e-01
  -1.1604024e+01  -2.6257079e+01   2.8185543e+01
   2.5961076e+01   2.8253211e+00  -2.8579673e+00
  -5.0795240e+00  -3.4914679e+01   9.6759427e+00
  -3.8335924e+01   3.6804021e+01  -1.8611473e+00
  -8.2466405e-01  -2.9267779e+01   2.6236743e+01
   2.5693876e+01   1.7559621e+01   4.4412427e+00
  -1.4626424e+01  -4.9211789e+00  -3.0403957e+01
   2.1400576e+01   2.2725721e+01  -2.0789857e+01
  -8.5493405e-01   1.8454621e+01   3.1469543e+01
  -1.2851324e+01  -3.6717179e+01   1.3962843e+01
   2.4016276e+01  -3.3793579e+01   1.0336543e+01
  -1.7126824e+01  -3.6949179e+01   1.3475743e+01
   2.6114476e+01   3.2947921e+01   8.2856266e-01
  -3.4578724e+01  -3.0498979e+01  -1.2733734e-01
   2.9929876e+01   3.9899021e+01  -1.2464297e+01
  -1.5399724e+01  -2.2851979e+01  -2.0997557e+01
   2.3424276e+01   3.4407211e+00  -1.7434557e+01
   2.5699076e+01   4.0176211e+00   4.1822427e+00
  -3.4335524e+01  -7.6321789e+00   5.7009427e+00
   4.3310676e+01  -1.4816379e+01  -1.3583727e+01
  -2.0883324e+01  -3.6299379e+01  -2.2137857e+01
  -3.5478024e+01  -9.8159789e+00  -3.7930173e+00
   1.6890136e+01   8.2674211e+00  -2.5090457e+01
  -2.8431224e+01  -3.0212279e+01   1.8182143e+01
   5.3878260e+00  -2.9074789e+00  -2.9094957e+01
  -7.0756405e-01  -8.8942789e+00  -3.2080357e+01
   2.0574176e+01   1.7860021e+01  -2.1721757e+01
  -3.4593324e+01   9.1466211e+00  -1.0647197e+01
  -1.1984624e+01  -3.4979179e+01   1.3887143e+01
   4.4534876e+01  -6.7288789e+00  -1.1070637e+01
   2.6906476e+01   2.3292110e-01   8.9242427e+00
   2.3008876e+01  -3.3617279e+01  -6.4096183e+00
  -1.3390224e+01   3.7324021e+01   3.1730943e+01
  -3.3448724e+01   9.8795211e+00  -1.3637697e+01
   2.8369576e+01   1.3277821e+01  -3.2949173e+00
   4.5163595e-01   2.4369521e+01   2.9593043e+01
   1.1833226e+01  -7.3770789e+00  -2.5780857e+01
   1.5405386e+01  -1.9569479e+01   2.4951343e+01
  -1.6206824e+01   1.9943121e+01  -3.0674057e+01
  -1.7832824e+01   4.1697021e+01   3.3544743e+01
  -1.1993224e+01  -2.1379379e+01  -2.3893557e+01
   2.5959176e+01  -8.4482789e+00  -2.5890173e+00
  -1.1708224e+01   2.8370211e+00  -2.9277457e+01
   1.3859506e+01   1.3561121e+01   2.4714143e+01
  -1.0513640e+00   9.9321211e+00   3.1398443e+01
   2.5865976e+01   2.1210321e+01   3.4185427e+00
  -3.6597924e+01   3.7934021e+01   1.3078143e+01
  -1.9548424e+01  -3.5039779e+01   1.9417927e+00
   6.0710660e+00   7.6858211e+00   2.9999743e+01
  -2.7683124e+01  -1.8648779e+01   2.0265843e+01
   1.3166536e+01   5.2661211e+00  -2.4954857e+01
  -1.2207024e+01  -1.9306789e+00  -2.9134157e+01
  -1.2754724e+01  -3.4948679e+01   8.1743427e+00
   2.1923476e+01  -3.4386479e+01  -2.7647873e+00
  -2.9816224e+01  -2.4771879e+01  -5.3334273e+00
  -2.2623924e+01   5.7197211e+00   2.5584443e+01
  -4.5114240e+00  -3.6716679e+01  -2.0427457e+01
   3.1294476e+01   3.9452021e+01   6.6814266e-01
  -3.4301224e+01   2.0649821e+01   5.0698427e+00
  -2.5422724e+01   1.0550211e+00   2.0842043e+01
   2.6759776e+01  -2.8070379e+01  -9.1387873e+00
  -2.3876524e+01  -2.0093779e+01   2.1668743e+01
  -3.1066924e+01   3.6230211e+00   1.3184343e+01
   2.2497676e+01  -2.2266379e+01  -1.8324257e+01
  -1.3884724e+01   2.2912021e+01   2.8267643e+01
  -6.4195240e+00  -3.6448379e+01  -1.7337457e+01
   7.9090595e-01  -2.5295679e+01   2.6982943e+01
  -3.5785724e+01   3.1858121e+01   9.7319427e+00
   2.6069976e+01   1.7722521e+01   1.8347327e+00
  -1.8446524e+01  -1.9738879e+01   2.5637143e+01
   9.2407690e+00   2.8687321e+01  -2.7708457e+01
  -1.3187724e+01  -3.5193679e+01  -8.0627863e+00
   1.7792786e+01  -2.3946179e+01  -2.0859957e+01
  -1.2998624e+01  -1.9174779e+01  -2.4181657e+01
  -2.3762724e+01   2.8755821e+01   2.5451643e+01
   1.6538226e+01  -3.5110579e+01  -7.0142953e+00
   2.3004876e+01  -5.1502789e+00  -1.3498857e+01
   2.2324776e+01   2.4348421e+01   1.8142943e+01
   2.5713276e+01   1.5057321e+01   1.2318443e+01
  -1.4908024e+01   1.1852521e+01   2.9628943e+01
   2.2512776e+01   3.0153321e+01   1.4015543e+01
   7.8549230e+00  -1.0188779e+01   2.9074543e+01
  -2.0774524e+01   7.7257211e+00  -2.8032657e+01
  -2.3674824e+01   3.0368321e+01   2.5475443e+01
  -1.2804624e+01  -3.1291879e+01   2.8917143e+01
   2.3202276e+01  -3.4314779e+01   1.1160043e+01
  -5.8240240e+00  -3.4711879e+01   2.8094543e+01
   2.0737276e+01   1.3331221e+01  -1.7857257e+01
  -7.6891240e+00  -3.5308979e+01  -1.6409567e+01
   1.9684976e+01   3.5036021e+01  -2.3155757e+01
  -4.1544240e+00   2.5460211e+00   2.9845043e+01
   2.4918976e+01   4.0965021e+01   1.3128843e+01
  -5.7974240e+00  -3.4529879e+01   2.0979443e+01
   2.3539960e+00  -3.4991379e+01  -1.2922673e+00
  -2.2240024e+01  -3.3456579e+01  -1.1139237e+01
  -2.3916824e+01   3.3807021e+01  -2.3490957e+01
  -1.4565124e+01   2.5879521e+01   2.8036243e+01
  -3.2787124e+01   4.2982211e+00  -5.1771173e+00
  -2.7587224e+01  -1.3334479e+01   1.8045443e+01
  -3.2106624e+01  -1.4223979e+01  -1.5025857e+01
   2.1828176e+01  -3.6625779e+01  -7.9038923e+00
   4.0113595e-01   3.1408821e+01  -3.0625857e+01
  -2.8198724e+01   3.8070021e+01  -2.0523557e+01
  -2.4080240e+00  -1.1813979e+01  -3.2024857e+01
   8.6084970e+00   3.8098021e+01   2.7820543e+01
  -2.0506124e+01  -2.5343779e+01  -1.6007077e+01
   2.4871776e+01  -2.7284079e+01  -8.0117713e+00
   2.8463276e+01   1.8891821e+01  -2.4865873e+00
   2.5187976e+01   3.2014211e+00   6.7586427e+00
  -1.6465424e+01   2.8267221e+01   2.7309543e+01
   2.2774976e+01   2.1821021e+01  -1.4225137e+01
   5.1641776e+01   2.1434521e+01  -1.4105377e+01
   3.2396276e+01   4.0399021e+01  -1.8449073e+00
   1.1486916e+01  -3.6278179e+01   1.8980043e+01
  -2.1966924e+01   3.1490521e+01   2.4228443e+01
   2.2874876e+01  -3.4024779e+01   1.2368143e+01
   2.3768676e+01  -3.0860779e+01   1.4346843e+01
  -1.0593424e+01   2.9998721e+01   3.1093943e+01
   2.2783576e+01   3.8121021e+01   1.9545743e+01
   2.3584560e+00   3.8896021e+01   3.0250243e+01
  -1.8998824e+01  -2.5075279e+01  -2.7724657e+01
   2.2097876e+01  -2.6221479e+01   1.8127143e+01
  -2.5093524e+01  -3.4867479e+01   1.4628143e+01
   3.5575676e+01  -1.9861879e+01  -1.5463937e+01
  -1.3118224e+01  -2.7395079e+01   2.7703643e+01
   2.4615476e+01  -1.0553379e+01   8.4166427e+00
  -3.7399240e+00   1.0715721e+01  -3.2599957e+01
  -2.3165924e+01  -3.4065179e+01  -9.8976473e+00
  -3.5226324e+01   4.1789021e+01   1.9629643e+01
  -4.8641240e+00   2.5913721e+01   2.9842243e+01
  -3.4733224e+01  -6.0905789e+00   8.0196427e+00
  -1.4769824e+01  -5.9811789e+00   2.7585843e+01
  -2.3124424e+01  -9.4667789e+00  -2.5797457e+01
  -2.9197324e+01  -9.1358789e+00  -1.9811357e+01
  -2.6833724e+01   1.5380211e+00  -2.3165257e+01
   1.8121366e+01   8.0015211e+00   2.2960643e+01
  -1.1307724e+01   3.0960921e+01  -3.2411857e+01
   4.5465595e-01  -2.5608179e+01   3.0594143e+01
   2.5386476e+01  -2.3091079e+01  -1.3121967e+01
   2.6789776e+01   3.8455021e+01  -4.3733973e+00
   2.4949776e+01  -3.1262979e+01  -3.6356073e+00
   2.2635576e+01   1.0957321e+01  -1.4444317e+01
  -2.0130024e+01   9.1805211e+00   2.5238643e+01
  -5.9639240e+00  -3.6872079e+01  -2.3225857e+01
  -3.4068524e+01   1.5516021e+01   5.3056427e+00
  -2.0786424e+01   2.9828721e+01  -2.8749057e+01
  -5.2854405e-01  -1.0848789e+00  -3.0449157e+01
   7.7207360e+00   6.5414211e+00  -3.0417557e+01
   1.8588796e+01   1.6836121e+01  -2.3801657e+01
  -3.2731224e+01  -7.5942789e+00  -1.4046117e+01
  -9.9234240e+00  -7.6497789e+00  -3.1544757e+01
   2.5843276e+01  -1.6082379e+01   1.2056427e+00
   2.7009276e+01   3.9393021e+01   3.0394427e+00
   3.3218576e+01  -1.6955579e+01  -1.4434757e+01
   2.4445376e+01   4.0443021e+01  -1.4714657e+01
   2.3935476e+01   3.8370021e+01   1.2847243e+01
   2.8093376e+01   4.1009021e+01  -1.8776973e+00
   2.6153276e+01   3.5897021e+01  -4.8464973e+00
  -1.6737424e+01   2.9863621e+01   2.7183143e+01
  -2.9459924e+01  -1.5919789e+00   1.8818043e+01
  -3.3708624e+01  -1.9050379e+01   1.6971327e+00
  -1.7606240e+00  -1.3252979e+01   2.9871143e+01
  -2.3391624e+01  -2.2456879e+01  -2.4881457e+01
  -2.4475240e+00  -3.3914479e+01   2.2025443e+01
   1.4643326e+01  -1.5248979e+01   2.3363043e+01
  -8.7249240e+00  -3.5235879e+01  -1.3170197e+01
  -8.2729240e+00   2.4417121e+01  -3.0353357e+01
   5.2478476e+01   6.7937211e+00  -1.3697347e+01
  -2.7132324e+01   3.8392110e-01  -1.6751107e+01
  -2.1570024e+01  -3.7198879e+01  -2.0123357e+01
  -6.5841240e+00  -3.5327879e+01  -1.8807957e+01
  -2.1297924e+01  -2.3651979e+01   2.3566043e+01
   2.5301660e+00  -2.5480179e+01  -3.1146857e+01
  -9.7897240e+00   1.8285621e+01   3.1108943e+01
   3.9597960e+00   2.1596021e+01   2.9145743e+01
  -2.2702024e+01  -5.8430789e+00   2.5283043e+01
   3.9531476e+01   3.2273321e+01  -8.6166973e+00
  -2.5638240e+00   8.4123211e+00  -3.2475257e+01
   7.9733170e+00   3.2204421e+01  -3.1009057e+01
  -1.3747224e+01  -1.8954879e+01   2.7731243e+01
  -3.5172424e+01  -2.3551779e+01   5.1322266e-01
  -1.0619624e+01   1.0340821e+01  -3.2023257e+01
  -1.0486624e+01   3.3375211e+00   2.9041743e+01
  -3.4690324e+01  -2.9788379e+01  -1.2870734e-01
   2.6842176e+01   3.7098021e+01   1.1162943e+01
  -3.9553240e+00   3.5594021e+01   3.2033343e+01
  -3.4279824e+01  -9.9258789e+00   2.9955427e+00
   3.1152176e+01   4.3213021e+01   8.2271266e-01
  -3.5813524e+01   4.0445021e+01   1.8817743e+01
   3.4771595e-01  -3.3177079e+01  -2.9955357e+01
  -1.0130524e+01  -1.5092079e+01  -3.1265157e+01
  -3.1786724e+01   1.4737321e+01  -1.7482357e+01
   2.5947976e+01   3.3007521e+01  -4.4818173e+00
   1.6766916e+01  -3.5117179e+01  -6.7305663e+00
   2.2328476e+01  -1.8302979e+01   1.7952043e+01
  -3.5454924e+01   3.1238211e+00   6.3561427e+00
  -3.2221424e+01   4.3719211e+00   1.0800243e+01
   1.8717936e+01   6.2193211e+00   2.2379643e+01
   2.0843876e+01   7.4766211e+00  -2.1228957e+01
   2.4960776e+01  -5.2995789e+00  -8.1788463e+00
  -6.8631240e+00  -3.1321079e+01  -2.3920657e+01
  -5.0706240e+00   3.9846021e+01  -3.2025057e+01
   2.8742276e+01   2.6306421e+01  -1.0102967e+01
   3.7633876e+01   3.0158421e+01  -1.7559757e+01
  -1.6142724e+01   3.6463211e+00  -2.7713857e+01
   2.4540376e+01   3.4337021e+01   9.5665427e+00
   4.8883860e+00   7.6712211e+00   3.0280643e+01
   1.7449226e+01  -2.3677179e+01   1.8132443e+01
   2.5677476e+01  -7.2104789e+00   4.2148427e+00
  -8.6138240e+00   1.8669621e+01  -3.2684357e+01
  -2.8435924e+01  -3.6715679e+01   8.5897427e+00
  -3.4548224e+01   8.3023211e+00   1.3031227e+00
   4.4470595e-01   2.9007821e+01  -3.0648257e+01
   1.8116676e+01  -8.7457890e-01  -2.0719957e+01
  -2.9531624e+01   1.2249521e+01  -1.5390757e+01
   4.1779560e+00  -2.5604579e+01   2.5410943e+01
   2.8396476e+01   1.9477211e+00  -4.9911734e-01
  -2.8532324e+01  -1.9110379e+01   1.9146543e+01
  -1.2749724e+01  -3.4946179e+01   7.7545427e+00
  -2.5599240e+00  -3.6253579e+01  -1.4850507e+01
   2.5718576e+01   1.6726721e+01   4.2117427e+00
   1.5112826e+01   4.2882021e+01   2.7033843e+01
   2.4508776e+01  -4.5185789e+00  -1.5511267e+01
  -1.6395624e+01  -2.7142279e+01   2.6253143e+01
   2.1153876e+01  -3.6298579e+01   7.5598427e+00
   2.3800476e+01  -1.9730379e+01   1.5713043e+01
   2.5608976e+01   2.2511821e+01   5.2008427e+00
  -2.3843024e+01   2.8437221e+01   2.5405343e+01
   4.8560876e+01   4.5710211e+00  -2.1079457e+01
  -8.1429240e+00   2.4788521e+01   2.9622343e+01
  -2.9547924e+01   2.3335211e+00  -1.2084627e+01
  -1.0239124e+01   3.9554021e+01   3.4243643e+01
   1.3290596e+01  -2.7738579e+01   2.6124043e+01
  -8.1464240e+00  -1.5268679e+01  -2.8001757e+01
   3.7826760e+00   1.4899211e+00   2.9577043e+01
  -1.5319024e+01   2.0074211e+00   2.9316143e+01
   2.2615876e+01  -1.2311079e+01   1.7637443e+01
   2.5787676e+01  -2.5582779e+01  -1.9152673e+00
  -4.3594240e+00  -3.6610379e+01   6.5373427e+00
  -1.4690024e+01  -1.5843479e+01  -2.4820357e+01
  -1.2116440e+00  -1.0091879e+01  -3.0062157e+01
  -2.1105240e+00  -1.9648579e+01  -2.9468957e+01
  -1.2712740e+00  -3.3310079e+01   2.8929143e+01
   2.8033576e+01   1.8313321e+01  -6.0599373e+00
  -1.6225824e+01   3.6161021e+01   3.0173943e+01
   1.6777676e+01   3.2024521e+01   2.4145443e+01
   1.1248446e+01  -9.6730789e+00  -2.6115157e+01
  -7.7848405e-01   9.7998211e+00   3.1372143e+01
  -4.8212240e+00   4.6881211e+00   2.9817543e+01
  -4.0653524e+01   3.9239021e+01   9.4306266e-01
   2.3114876e+01   4.1912021e+01  -1.8625357e+01
  -2.8930024e+01  -3.6853479e+01  -9.3299373e+00
  -4.6849240e+00  -1.8409979e+01   2.9526543e+01
   3.0452960e+00  -2.9187479e+01   2.9662443e+01
  -1.2624240e+00  -3.6330579e+01  -1.2668267e+01
   2.3154376e+01   3.9922021e+01   2.1885343e+01
   4.5897376e+01   2.9964221e+01  -1.5476167e+01
  -1.1608040e+00  -3.6464379e+01  -7.7075953e+00
  -1.9817424e+01   3.2873321e+01  -2.9434157e+01
  -3.1656824e+01   3.6054021e+01   1.8698843e+01
  -6.0504240e+00   7.7722211e+00   2.9738343e+01
   2.1813376e+01  -2.1197479e+01  -1.9244357e+01
   3.5831576e+01   3.3887021e+01  -1.1684117e+01
   2.3290676e+01   3.5838021e+01   1.3129843e+01
  -1.0052824e+01   1.0094921e+01   2.9190243e+01
  -1.4317624e+01  -6.2587789e+00   2.7759943e+01
   8.8270216e+00   1.8095321e+01   2.7690343e+01
  -1.2857024e+01  -3.0990479e+01   2.8974543e+01
  -1.4257240e+00   9.7349211e+00   3.1430643e+01
   2.6932760e+00  -3.6658279e+01   3.0670427e+00
   9.6192820e+00  -1.0917979e+01  -2.7082057e+01
   1.0900026e+01   3.6462021e+01  -2.7164457e+01
  -1.7990324e+01   3.6458021e+01   2.7246843e+01
   2.4448460e+00  -3.5013879e+01  -7.2784555e+00
  -1.2761124e+01   2.5202421e+01   2.8645643e+01
   1.9067576e+01   1.7138721e+01  -2.3324457e+01
   5.1958360e+00  -3.6639479e+01  -5.8440973e+00
   2.2513076e+01   3.3609021e+01  -1.9459757e+01
  -2.5104424e+01  -3.5099379e+01  -1.9962734e-01
  -3.5203624e+01   4.7754211e+00   7.5789427e+00
  -2.4669824e+01   4.1104021e+01   2.5080843e+01
   6.9885260e+00   3.0174721e+01  -3.1373257e+01
  -3.2308324e+01   1.7931521e+01  -1.0744567e+01
   3.6665460e+00   4.2583021e+01  -3.2957357e+01
  -3.4269924e+01   1.2300021e+01  -1.2062067e+01
  -3.3838224e+01   2.3339321e+01   1.3274543e+01
   2.4678360e+00  -3.6728579e+01   6.8420427e+00
  -3.5324024e+01   6.6182110e-01   6.4902427e+00
  -1.3624424e+01   4.2540021e+01   3.4470743e+01
  -1.7170224e+01  -3.6948179e+01  -1.0618177e+01
   1.7807886e+01   3.9723021e+01   2.6800843e+01
  -3.1008724e+01  -2.4634789e+00   1.3142043e+01
   2.5198276e+01  -3.0253179e+01  -1.3544427e+01
   1.1859246e+01  -1.4928579e+01   2.7218443e+01
  -1.6577824e+01  -2.8343679e+01   2.5940243e+01
  -5.5935240e+00  -3.6817479e+01  -2.4744657e+01
   1.2845406e+01  -3.5091879e+01  -3.2241973e+00
   2.2170476e+01  -2.8814179e+01   1.3573343e+01
  -1.5340524e+01  -3.2412179e+01  -1.7980757e+01
   1.5028866e+01  -3.2556379e+01  -2.4947557e+01
  -1.6323524e+01   2.5009421e+01  -2.8005857e+01
   2.3252676e+01  -2.3865879e+01   1.6510643e+01
  -2.0423224e+01  -3.5863379e+01   1.6697443e+01
   2.6976876e+01   1.3696421e+01  -1.0271357e+01
   2.3819676e+01  -3.2537679e+01  -6.2781753e+00
   4.8395276e+01   2.7935921e+01  -1.4117087e+01
  -2.1924624e+01   4.0188021e+01  -3.2998157e+01
  -3.4663424e+01  -3.0030079e+01   2.3139127e+00
  -2.8904724e+01   1.0492421e+01   1.7079043e+01
  -2.8892624e+01  -3.5172479e+01  -1.3796027e+01
  -1.6921224e+01  -3.5037779e+01  -8.1856734e-01
   2.5715476e+01  -2.5713279e+01  -2.8753473e+00
   2.1945076e+01   3.9440021e+01  -1.7848757e+01
  -1.2328424e+01   2.8185321e+01  -2.9489857e+01
   2.0861476e+01   1.6839221e+01  -2.1384357e+01
   1.9550076e+01  -2.0969789e+00   1.9541443e+01
   1.8311846e+01  -2.2188279e+01   2.2473943e+01
  -3.1130124e+01   4.0121021e+01  -2.5887857e+01
  -2.2336024e+01  -3.7194079e+01  -1.0344237e+01
   2.3843476e+01  -3.6568789e+00   1.5758943e+01
  -1.2504924e+01  -2.9436979e+01  -2.0950557e+01
  -2.3644024e+01   2.2917221e+01  -2.6785757e+01
   1.8439646e+01   2.4209121e+01  -2.0602157e+01
   2.4944360e+00  -2.3413879e+01  -2.9326457e+01
  -1.9711624e+01  -1.2351679e+01  -2.7825357e+01
   2.0796576e+01  -2.6379279e+01  -2.0512357e+01
   3.2235960e+00  -3.6605179e+01   1.4172658e-02
  -3.0317124e+01   2.7795221e+01   1.5357943e+01
  -1.7342424e+01  -1.7101079e+01   2.6316143e+01
   2.2369976e+01  -1.4183779e+01  -1.5240357e+01
  -1.7218624e+01   6.1882211e+00  -2.7276557e+01
   2.0166276e+01  -3.8488789e+00   1.8710243e+01
  -1.9230324e+01  -3.5699779e+01   1.6200343e+01
   3.6235260e+00   2.7964621e+01  -3.0070557e+01
  -2.7176824e+01  -3.4737779e+01   4.5213427e+00
   1.8021756e+01  -3.4554579e+01  -1.2592587e+01
  -2.0084424e+01   1.4290421e+01   2.7370843e+01
   7.7686110e+00   2.2456321e+01  -3.0919357e+01
  -2.6081324e+01   3.5168021e+01  -2.1563057e+01
  -2.5484224e+01   2.3276121e+01  -2.1671657e+01
  -2.4533924e+01  -5.4607789e+00   2.1524943e+01
   2.1822676e+01  -2.2159779e+01   1.4865143e+01
  -3.3179624e+01   4.1523021e+01   2.2384243e+01
  -2.6340424e+01  -3.7120879e+01   9.9201427e+00
  -2.8779524e+01   9.4826211e+00  -1.6009827e+01
   1.2150906e+01   3.8830021e+01   2.6226143e+01
  -3.3643424e+01  -1.9715879e+01   1.7814927e+00
   1.4376956e+01  -2.5622779e+01  -2.6323757e+01
   2.5167976e+01  -3.5461789e+00   6.7225427e+00
   2.2825076e+01  -3.0085179e+01   1.6353743e+01
   1.5642426e+01  -3.5099279e+01  -1.6789273e+00
  -2.4248824e+01  -2.3753779e+01   2.1249743e+01
  -2.5325624e+01   4.0420021e+01  -3.1094157e+01
   2.6053676e+01   6.2068211e+00  -2.1442373e+00
   4.5728176e+01   2.5174321e+01  -2.0565257e+01
  -1.7760424e+01  -2.3758579e+01   2.7843143e+01
  -2.7531624e+01  -3.7433679e+01  -2.0469734e-01
  -3.4752324e+01   2.6184021e+01   2.9647427e+00
  -2.6712024e+01   4.3680211e+00   2.2131743e+01
   1.6420346e+01  -1.4243979e+01   2.4260443e+01
   1.8779476e+01   7.8905211e+00   2.2325843e+01
  -2.1495124e+01  -2.4873079e+01  -2.6190957e+01
   1.1650936e+01   4.5930211e+00   2.6538043e+01
  -3.5965024e+01   8.3462110e-01   1.6752027e+00
   4.6226460e+00  -3.4964379e+01   1.4267843e+01
  -2.8637824e+01   1.3693211e+00  -1.3830037e+01
  -2.9392024e+01   8.6377211e+00   1.9261343e+01
  -3.6526240e+00   1.8297721e+01   3.1644443e+01
  -3.0684224e+01   4.7618211e+00  -1.0499477e+01
  -1.6485824e+01  -3.0146279e+01  -2.8672457e+01
  -2.2053924e+01  -2.3904979e+01   2.3049043e+01
  -1.3007224e+01  -2.8780379e+01  -2.0785957e+01
   8.4683380e+00   3.0376221e+01   2.6906343e+01
  -3.1926024e+01  -3.5527479e+01   1.0405527e+00
  -4.3847240e+00  -1.0810789e+00  -3.0658957e+01
  -2.3623124e+01   1.5517121e+01  -2.6574657e+01
   4.3413476e+01   2.5776521e+01  -1.5786967e+01
  -2.5690624e+01   1.6825821e+01  -2.1262857e+01
   3.3826576e+01   3.2628121e+01  -1.6666977e+01
  -3.6408624e+01   4.0743021e+01  -7.2623207e+00
  -1.5255924e+01   1.5264821e+01  -2.8333457e+01
  -3.2862624e+01   3.9260021e+01   1.4107043e+01
   4.5557960e+00  -2.3427179e+01   2.9879443e+01
   1.7323336e+01  -3.4963979e+01  -2.0196857e+01
  -1.4526824e+01  -3.6685979e+01  -9.6265773e+00
   4.7188876e+01   1.1335921e+01  -1.7942057e+01
  -3.8870524e+01   4.1491021e+01   1.2689643e+01
  -1.2312405e-01   9.4257211e+00  -3.2420657e+01
  -3.2171524e+01  -3.4957479e+01   3.9139427e+00
  -2.8880324e+01  -2.7712679e+01  -5.8594873e+00
   1.0723160e+00   1.6437321e+01  -3.2522257e+01
  -3.1190824e+01  -3.6294789e+00   1.6239543e+01
  -1.5361324e+01  -1.8936679e+01   2.7118443e+01
  -3.9710240e+00  -3.0416379e+01   3.0209943e+01
   2.6140176e+01   3.9601021e+01   8.3585427e+00
   1.9495260e+00   3.5892021e+01   2.9557243e+01
   2.5572276e+01  -1.0098579e+01   4.6053427e+00
   1.1528236e+01  -2.2628789e+00   2.7043443e+01
   2.6157176e+01   1.4373521e+01   1.1228843e+01
  -3.4015124e+01  -3.1866079e+01   3.0794427e+00
  -1.2982240e+00  -1.3155979e+01   3.1106543e+01
   2.5782276e+01   3.2918921e+01  -1.4273877e+01
  -3.2535624e+01   2.0645921e+01   1.5385643e+01
  -6.4967240e+00  -3.6323279e+01  -1.3920907e+01
   4.3875476e+01   2.7001821e+01  -1.1337227e+01
   1.2352166e+01   3.9462211e+00  -2.8091457e+01
  -2.0995424e+01  -3.4166479e+01  -1.1425937e+01
  -1.3006824e+01  -3.4829779e+01  -1.8449734e-01
   4.7481576e+01  -8.9968789e+00  -1.2314127e+01
  -3.5167024e+01   1.2021121e+01  -9.4503873e+00
   1.3255086e+01   2.2562321e+01   2.6770343e+01
   1.9840876e+01  -1.4124579e+01   1.8573843e+01
   4.2146076e+01  -7.5588789e+00  -1.5714397e+01
  -9.8674240e+00   3.2725621e+01   2.9318943e+01
   1.8249496e+01  -1.7760579e+01   2.2628043e+01
   9.7870560e+00  -3.4940979e+01  -1.6511987e+01
   2.4087476e+01  -3.2645679e+01  -4.4362734e-01
   6.3415860e+00  -1.2169789e+00  -3.0682857e+01
  -3.8162240e+00  -6.3956789e+00  -3.2275457e+01
  -2.5297524e+01   2.9159421e+01   2.4212043e+01
   5.1073076e+01   2.4993211e+00  -1.0887857e+01
   2.4839376e+01  -3.1079379e+01  -4.9170273e+00
  -1.1188924e+01  -4.8686789e+00   2.8710243e+01
  -7.3696240e+00   1.2514021e+01  -3.2583857e+01
  -2.9173824e+01   2.9698211e+00   1.6495343e+01
  -2.4112624e+01   2.1506921e+01  -2.6406257e+01
   1.7695306e+01   4.1859021e+01  -2.4805057e+01
   5.2015176e+01   1.6474121e+01  -1.1419377e+01
   2.7582776e+01  -2.2193979e+01  -5.6315173e+00
  -1.5426224e+01  -2.0283179e+01   2.8895243e+01
  -2.1233240e+00  -3.5156579e+01  -1.5225537e+01
  -3.6208524e+01   3.7819021e+01   1.3674943e+01
  -6.0122240e+00   2.6595221e+01   2.9771943e+01
   1.5442736e+01   1.9476821e+01   2.3602043e+01
  -2.0471224e+01  -7.7695789e+00   2.6646343e+01
  -1.4130924e+01  -3.6720679e+01   7.3812427e+00
  -2.7144624e+01   2.9051211e+00   2.1646543e+01
   1.5568536e+01  -8.7075789e+00   2.4075543e+01
   1.7347560e+00  -2.7473079e+01  -3.1248357e+01
  -2.7055924e+01  -1.9128789e+00  -2.2725657e+01
   8.9701410e+00  -3.5480779e+01   2.4311643e+01
  -1.2167524e+01  -2.4102779e+01  -3.0496557e+01
   1.7172595e-01  -1.6822079e+01  -3.0059857e+01
   2.5353476e+01  -9.5592789e+00  -6.5323943e+00
  -2.7572624e+01   2.1015721e+01   2.1813443e+01
  -2.2967224e+01   5.4693211e+00   2.3191843e+01
  -5.9360240e+00  -1.4458379e+01   2.9570543e+01
   8.3281740e+00  -1.5893179e+01  -2.7700457e+01
  -3.6397024e+01   3.9229021e+01  -3.5775734e-01
   1.3407586e+01  -3.4847879e+01   7.4014427e+00
  -4.2344240e+00  -1.7960579e+01  -3.1891757e+01
  -2.2723024e+01   4.2660021e+01  -3.0416457e+01
  -2.7718240e+00  -3.6438379e+01  -5.3096873e+00
   3.9254976e+01   3.3509021e+01  -1.3848827e+01
  -2.6458724e+01   5.5116211e+00   1.9999943e+01
  -1.5208324e+01   3.3498421e+01  -2.8555557e+01
  -6.8925240e+00   2.1567221e+01  -3.0489257e+01
  -3.4689124e+01  -2.3275479e+01   5.4412427e+00
  -3.4946024e+01  -2.3017379e+01  -3.9843373e+00
   2.1875776e+01  -8.6548789e+00   1.8629443e+01
   1.1147766e+01  -3.6322779e+01  -1.4165017e+01
  -1.0122324e+01   3.3294321e+01  -3.0003157e+01
  -5.9034240e+00  -3.6606079e+01   3.2439427e+00
   4.6347276e+01  -9.2178789e+00  -9.4374573e+00
   1.8626176e+01  -3.6285579e+01   2.2271927e+00
  -1.8827924e+01  -3.5181979e+01  -1.1361047e+01
  -2.6021224e+01   9.4975211e+00   2.0566743e+01
   2.3058676e+01  -7.5977890e-01  -1.3527367e+01
  -2.2616624e+01   2.8490921e+01   2.3711143e+01
   2.4706976e+01   1.2726321e+01  -1.5566407e+01
  -2.4137824e+01  -3.5479479e+01   9.5394427e+00
  -1.0611524e+01   4.0987021e+01  -3.2441357e+01
   2.7879676e+01   4.0311211e+00   5.0769427e+00
   1.7646416e+01  -3.4427179e+01  -1.3424607e+01
   2.2695576e+01  -2.0019079e+01  -1.8097957e+01
  -6.9182240e+00   3.3706021e+01   2.9810843e+01
   2.4897276e+01  -1.6049979e+01  -8.1682213e+00
  -1.9851024e+01  -3.3452789e+00   2.7088843e+01
   2.1274676e+01   2.8991721e+01   1.9534543e+01
  -1.2347424e+01   5.4296211e+00  -3.1421457e+01
   5.1928876e+01   4.6515211e+00  -1.5429027e+01
  -1.1442424e+01  -1.8900579e+01   3.0138143e+01
  -3.2927524e+01   2.1318321e+01  -1.6127117e+01
   1.6689116e+01  -1.6866379e+01   2.3990743e+01
   2.5767776e+01  -2.1299979e+01   1.1673343e+01
  -1.8843524e+01  -3.0774979e+01   2.6528643e+01
   2.8646276e+01   4.3226021e+01  -1.1406387e+01
   2.7121560e+00   3.2195621e+01  -3.0149057e+01
   2.3496876e+01   2.8372521e+01  -1.7970457e+01
   2.1256476e+01  -1.5194979e+01  -2.0026057e+01
   1.3459276e+01  -3.5052179e+01   1.5968827e+00
   1.5328976e+01  -3.5135479e+01  -2.8114873e+00
  -1.0401824e+01  -2.6714479e+01  -3.0918457e+01
  -3.1851924e+01  -2.9070379e+01   9.6463427e+00
   3.3071160e+00  -3.1762179e+01   2.8952543e+01
   2.1568276e+01   1.8629211e+00   1.5913843e+01
   7.5856560e+00   3.0775211e+00  -2.8159257e+01
   2.7224176e+01   4.0661021e+01   1.7124343e+01
  -2.3333624e+01   2.8565421e+01  -2.3748857e+01
  -3.4521024e+01   2.5018421e+01  -1.3168957e+01
  -3.2037024e+01   4.2332211e+00  -7.0902303e+00
  -2.5244240e+00   1.0663321e+01  -3.2581057e+01
   2.4816760e+00   2.2945721e+01  -3.0395457e+01
  -3.9308824e+01   3.9088021e+01   9.0065427e+00
   1.1550186e+01   1.6078021e+01   2.6331843e+01
  -4.5495240e+00   4.2330021e+01  -3.3981357e+01
   3.7345976e+01  -2.0042079e+01  -1.0908257e+01
  -3.5815724e+01   3.7757021e+01   7.0902658e-02
   1.7588676e+01   2.4701021e+01  -2.1639357e+01
   1.8591956e+01   4.3289021e+01   2.6373943e+01
  -3.2456524e+01  -3.3433679e+01  -7.4694613e+00
   8.6300868e+00   3.9586021e+01   3.2028543e+01
  -9.7795240e+00   3.1846221e+01   3.1251443e+01
  -2.6368524e+01  -2.6827679e+01  -9.4208073e+00
   1.3679986e+01   2.3430211e+00   2.5343843e+01
  -1.1086124e+01   1.5430121e+01   2.9011243e+01
   4.9008376e+01  -1.9020789e+00  -1.8746857e+01
   2.3453176e+01   3.1408721e+01   1.2122543e+01
  -1.7202824e+01  -1.6179979e+01   2.6421043e+01
  -3.0963024e+01  -3.5915479e+01  -5.4120773e+00
   2.7937076e+01   4.2512021e+01  -9.4420773e+00
  -1.4973124e+01  -3.6864579e+01   1.2003143e+01
   1.2552586e+01  -2.7509479e+01   2.6543143e+01
  -3.1766240e+00  -3.6587979e+01   7.6644427e+00
   2.4870976e+01   4.3274021e+01   1.9272843e+01
   1.2651876e+01   2.3634821e+01  -2.8524357e+01
   2.3235476e+01   1.6854321e+01   1.6766643e+01
   2.5561776e+01   2.2674221e+01  -6.6568583e+00
   2.8399776e+01   1.0337621e+01  -1.8909773e+00
  -3.4749424e+01   3.9604021e+01  -1.0981487e+01
  -3.0561924e+01  -4.4474789e+00  -6.5464423e+00
  -8.9786240e+00  -2.0055079e+01   3.0713543e+01
  -3.1871424e+01   1.9593821e+01  -1.2082207e+01
  -1.4067524e+01  -1.0992079e+01  -2.6946457e+01
  -3.3497624e+01   3.4653021e+01  -1.6104477e+01
   2.8300876e+01   9.7056211e+00   2.9446427e+00
   1.5782836e+01  -3.3408279e+01   1.6312843e+01
   2.5805476e+01  -1.0789879e+01   2.4421527e+00
  -3.3392240e+00  -2.5083179e+01  -3.1772057e+01
  -9.7037240e+00  -3.4958279e+01   1.2121143e+01
  -1.3752924e+01  -3.4993679e+01   1.4524443e+01
  -3.2794724e+01   2.0475021e+01  -9.7122673e+00
  -2.6962224e+01   2.3018121e+01  -2.0066957e+01
  -1.4064824e+01  -1.3454479e+01  -2.6137457e+01
   8.9496300e+00  -8.8967789e+00   2.8647043e+01
   2.5900176e+01   4.8379211e+00  -3.4877673e+00
  -9.6256240e+00   2.6091821e+01   2.9355743e+01
   1.3247256e+01   5.8139211e+00  -2.7629957e+01
   1.3769036e+01   3.5003021e+01  -2.5102357e+01
   1.0589256e+01  -3.4674379e+01   8.4540427e+00
  -2.3077524e+01  -6.7569789e+00  -2.5969357e+01
  -1.3443240e+00  -3.3939679e+01   2.8534643e+01
  -3.3627424e+01  -1.6994679e+01  -1.1049567e+01
  -8.9584049e-02   3.5479021e+01   3.1575743e+01
   4.1621376e+01  -1.5294679e+01  -8.1667913e+00
   2.2529776e+01  -3.0533679e+01   1.1278043e+01
   2.2802076e+01   1.5760621e+01  -1.4177427e+01
   1.3323216e+01   1.3107211e+00  -2.4769357e+01
   2.5010076e+01   3.5435021e+01  -1.5885277e+01
  -2.3575324e+01   3.1659421e+01   2.3032243e+01
   1.2455116e+01  -3.4706179e+01   9.4127427e+00
  -3.1757224e+01  -1.0174679e+01   1.2115343e+01
  -1.1409024e+01   2.0163821e+01  -3.2160257e+01
  -2.7389724e+01  -3.0349979e+01   1.9541043e+01
   2.8150376e+01  -1.7192879e+01   1.6696827e+00
   2.4670476e+01  -3.0973779e+01   3.5417427e+00
   1.2324906e+01  -1.3035979e+01  -2.5412357e+01
  -9.5406240e+00   2.9243921e+01   3.1278643e+01
  -1.6222424e+01  -3.6854679e+01  -1.0370447e+01
   5.1897176e+01   6.1971211e+00  -1.1434007e+01
   1.6332946e+01   3.5279021e+01  -2.3034057e+01
   4.7237476e+01   9.6031211e+00  -1.7480257e+01
  -3.5787024e+01  -4.0247890e-01   3.2298427e+00
   5.1994676e+01   1.8290221e+01  -1.5469357e+01
  -2.2965024e+01   6.8974211e+00   2.5355743e+01
  -5.6313240e+00  -2.3271479e+01   2.9225943e+01
  -1.8142024e+01  -8.7648789e+00  -2.8753157e+01
  -2.8540324e+01   2.0154721e+01   2.0670843e+01
  -1.1616624e+01  -2.8045479e+01   2.9870943e+01
   3.6683360e+00   3.7335021e+01   2.9429743e+01
   1.4064296e+01   2.6943021e+01   2.4100543e+01
   1.7467726e+01  -2.1495379e+01   2.3251143e+01
  -1.4524924e+01   3.3841021e+01  -3.1791557e+01
  -2.9334824e+01   2.1293121e+01  -2.1397857e+01
   2.6207176e+01   3.2704421e+01  -2.1425873e+00
  -4.0754240e+00   3.8630021e+01  -3.5518157e+01
  -6.1834240e+00   2.0238121e+01  -3.0558557e+01
  -2.9887124e+01  -3.1168579e+01  -1.6714647e+01
   2.6510176e+01   3.6697021e+01   1.1620943e+01
   2.4112476e+01  -1.5782379e+01   1.5159743e+01
   2.0923676e+01   2.0198211e+00   1.7115543e+01
  -3.1385024e+01   4.9890211e+00   1.6429943e+01
   2.7931376e+01   3.5054021e+01   5.4601427e+00
  -3.0412924e+01  -3.0552879e+01   1.2087943e+01
  -2.4345424e+01   1.3310021e+01   2.4475943e+01
  -1.4194524e+01  -1.4807079e+01   2.9464943e+01
   1.0147436e+01   3.3130721e+01  -2.7262557e+01
   2.7837595e-01  -3.3996079e+01   2.8330143e+01
   2.7610176e+01   3.5158021e+01  -9.6938573e+00
   5.4272860e+00  -4.9265789e+00  -3.0923357e+01
   3.2677160e+00  -5.8433789e+00   2.9941143e+01
  -1.9894624e+01   4.6278211e+00   2.5275743e+01
  -2.7716324e+01  -2.0891979e+01  -2.0788157e+01
  -2.3836224e+01  -9.8056789e+00   2.2047943e+01
   5.0121976e+01  -2.8622789e+00  -1.1844317e+01
   1.5287236e+01  -1.8318789e+00  -2.6110557e+01
   5.3881460e+00  -3.3297079e+01  -2.8988057e+01
   1.3483926e+01   2.6512721e+01  -2.8054557e+01
   1.4360656e+01   3.5419021e+01   2.3894443e+01
  -3.0262324e+01  -2.3684979e+01  -4.8194873e+00
   1.3987576e+01   6.9710211e+00   2.6185443e+01
   7.9802410e+00  -2.1922179e+01   2.8898943e+01
   1.8127826e+01  -1.2253779e+01  -2.0827757e+01
  -2.7702524e+01   1.7551821e+01   2.1501843e+01
  -1.0853224e+01  -2.7058379e+01  -3.0768157e+01
  -2.7347424e+01   3.9432021e+01  -2.2549157e+01
  -3.1197324e+01   3.2181521e+01   1.8070243e+01
   2.5357976e+01   2.0906021e+01   1.3104343e+01
   2.3013076e+01  -3.1216479e+01   1.5405143e+01
  -3.4600224e+01   3.5422021e+01  -1.4279267e+01
  -2.4805224e+01  -3.3481479e+01   2.0372443e+01
   1.6818560e+00  -1.2160789e+00   3.0878743e+01
  -3.3855024e+01   2.8992321e+01   7.3122427e+00
  -1.7181924e+01  -1.5851379e+01  -2.3359557e+01
   2.7151376e+01   7.8321211e+00   8.2750427e+00
  -2.9338724e+01  -3.0135279e+01   1.6937543e+01
   1.7634746e+01  -1.9801379e+01   2.3131043e+01
   4.6951460e+00   3.3823021e+01  -2.9584557e+01
   4.3837760e+00   2.9476211e+00  -3.1372857e+01
  -2.8480524e+01   9.8475211e+00  -1.6707187e+01
   9.0236610e+00  -3.5078079e+01  -2.0619773e+00
  -3.0011824e+01   2.1160821e+01  -2.0592157e+01
  -3.0398924e+01   4.3462211e+00  -1.0926077e+01
  -1.5016124e+01   9.0473211e+00  -2.8358157e+01
  -3.0348824e+01   3.8821211e+00   1.7817643e+01
   2.2972276e+01   6.4673211e+00  -1.8214657e+01
   2.6654776e+01   3.7964021e+01  -4.5046273e+00
   2.0269276e+01  -5.9619789e+00  -2.1503557e+01
  -2.3860824e+01   1.6650221e+01   2.4945643e+01
   2.7910276e+01   1.5459821e+01   5.2306427e+00
   1.9047776e+01   1.4358521e+01   2.2035243e+01
   2.7434476e+01   3.4219021e+01   7.5100427e+00
  -4.4898240e+00   9.2838211e+00   2.9862743e+01
   2.6021376e+01  -2.3727890e-01  -1.2675173e+00
   1.9995876e+01  -3.6424479e+01   6.0254427e+00
  -1.8096524e+01   2.5847921e+01  -2.7190657e+01
  -9.5259240e+00   2.1178121e+01  -3.0080157e+01
   3.7179076e+01  -1.4612079e+01  -1.6635337e+01
  -8.3740240e+00  -5.6918789e+00  -2.9617257e+01
   1.2811206e+01  -2.9995679e+01   2.0104843e+01
   1.8684006e+01  -2.1909379e+01   2.2112943e+01
  -3.3068524e+01  -1.6479479e+01   9.0809427e+00
   7.3208595e-01  -3.4820979e+01   9.9632427e+00
   1.2729846e+01   4.1212021e+01   2.7121543e+01
  -2.9544224e+01  -8.3435789e+00  -1.9435757e+01
   2.5464976e+01  -1.0179679e+01   5.1032427e+00
  -2.2420924e+01   3.7567021e+01  -2.9718857e+01
   1.3339856e+01  -6.4203789e+00   2.6516143e+01
   1.6298056e+01  -2.1059179e+01   2.4210843e+01
  -1.9723524e+01  -1.9968879e+01   2.6803943e+01
  -7.5926240e+00  -3.6489979e+01   1.8282043e+01
   1.1949296e+01  -3.6215279e+01   1.7431443e+01
   5.2634976e+01   1.1639721e+01  -1.4927427e+01
   2.8040976e+01  -1.1720679e+01  -4.6182773e+00
   1.3090586e+01   2.1880221e+01   2.6867643e+01
  -1.9519524e+01  -1.0505079e+01   2.7155743e+01
   1.9676776e+01  -3.4734479e+01   2.7928427e+00
   2.7822076e+01  -3.0003579e+01  -4.2840673e+00
   1.4583786e+01  -3.6356679e+01  -1.1801677e+01
  -2.5031240e+00  -8.9350789e+00  -3.2136857e+01
   4.0794760e+00   7.3630211e+00  -2.9667957e+01
   5.3964060e+00   1.4586521e+01  -2.9285357e+01
  -2.4490124e+01  -3.7141879e+01   4.0832427e+00
   2.3734376e+01  -3.0516979e+01   7.9568427e+00
  -1.5008624e+01   1.6902521e+01   2.7850043e+01
  -1.6067524e+01   1.0049521e+01  -2.7921657e+01
  -7.9483240e+00  -3.4851479e+01  -2.0481757e+01
   2.5681176e+01   2.0126121e+01   4.6902427e+00
  -2.2233424e+01   2.6345221e+01   2.3975243e+01
   3.1701576e+01   4.2987021e+01  -3.5034673e+00
  -3.6691324e+01   3.9799021e+01  -5.6422734e-01
   4.4353576e+01  -1.2814179e+01  -1.5116477e+01
   2.1198076e+01  -3.4535279e+01  -2.8911734e-01
   2.6357476e+01   2.4680921e+01   1.0781243e+01
  -2.7062924e+01  -3.7426779e+01  -3.6319973e+00
  -1.8647424e+01   1.9581421e+01   2.6190043e+01
   2.2248876e+01   5.4542110e-01  -1.9226657e+01
  -2.4656524e+01  -2.4022579e+01   2.0886443e+01
  -4.2808240e+00   3.1420221e+01   3.1740543e+01
  -3.3005724e+01   1.5579821e+01  -8.0692753e+00
   4.8972276e+01   2.5001221e+01  -1.8137557e+01
   3.1786076e+01   4.0068021e+01   2.2896427e+00
   2.2130176e+01   3.5188021e+01   1.8452443e+01
   2.1951476e+01  -3.1591679e+01   1.0971443e+01
   1.3132766e+01   3.0887421e+01   2.4417943e+01
  -9.9020240e+00   1.7428321e+01  -3.2423057e+01
  -2.1582240e+00   7.1038211e+00  -3.0635457e+01
  -1.2347024e+01   1.1461621e+01   3.0448743e+01
  -2.3574324e+01  -2.0570179e+01  -2.4780157e+01
   1.6176596e+01  -9.5044789e+00   2.4538743e+01
   3.0924960e+00   2.5804021e+01   3.0947443e+01
   2.5896976e+01   1.0982121e+01  -3.8960573e+00
   2.4241176e+01  -1.7002779e+01   9.6753427e+00
   4.5568776e+01   2.3596521e+01  -2.0297957e+01
   2.1615276e+01   6.2245211e+00  -2.0212557e+01
  -9.7703240e+00  -3.4945379e+01  -4.5189073e+00
  -3.6222124e+01   1.6223521e+01  -5.5202373e+00
   1.7444660e+00   3.9521021e+01  -3.1148857e+01
  -2.4920124e+01  -5.1086789e+00  -2.4576657e+01
  -5.8239240e+00   1.3758921e+01   3.1487343e+01
   2.8416376e+01   1.6258421e+01  -2.9973373e+00
   2.0507076e+01   2.6741421e+01   2.0464943e+01
   4.5017176e+01  -1.4397789e+00  -1.5021707e+01
  -1.3423424e+01   2.5347321e+01   2.8422143e+01
   2.4473676e+01   3.9918021e+01  -2.2827457e+01
   1.0792326e+01  -1.5458579e+01  -2.6302957e+01
   2.4131976e+01  -3.3942079e+01  -1.0943387e+01
  -2.6909124e+01  -3.0254789e+00  -2.2833757e+01
   4.5109360e+00  -1.3039779e+01   2.9285243e+01
   2.5412576e+01   2.9828021e+01   6.2765427e+00
  -2.8755524e+01   1.6039621e+01  -1.7334257e+01
   1.3882446e+01  -2.0140979e+01  -2.4214657e+01
   2.3047376e+01   2.6083121e+01   1.2981943e+01
   2.8142676e+01  -3.0295789e+00   2.9981427e+00
  -2.7772024e+01   7.4933211e+00   1.8427543e+01
   5.1869176e+01   9.8706211e+00  -1.7689957e+01
   7.6490260e+00  -2.9978979e+01  -2.9697757e+01
   1.7312676e+01   1.3369721e+01   2.1531543e+01
   8.9959320e+00   1.5120521e+01  -3.0204957e+01
  -1.1601224e+01   1.8661221e+01   2.8917343e+01
   2.5621276e+01   1.4991421e+01   4.8101427e+00
   2.4381476e+01  -2.7215979e+01  -9.6255273e+00
   2.7769176e+01  -3.1019979e+01  -2.5825073e+00
   1.2499666e+01  -3.4030579e+01  -2.5235957e+01
   1.1867456e+01   5.7972110e-01   2.7357643e+01
  -3.6210240e+00  -3.6170079e+01   2.6140743e+01
   2.6746776e+01   4.3481211e+00  -1.0665047e+01
   2.3371576e+01  -2.9989979e+01   9.7149427e+00
   2.2621476e+01   4.2047021e+01  -1.9512657e+01
  -3.2295924e+01   1.3087721e+01   1.1011943e+01
  -2.8197324e+01  -6.2180789e+00  -1.1600777e+01
  -5.6349240e+00  -3.5069679e+01  -1.0053347e+01
  -3.4256424e+01  -1.8884679e+01   7.6839427e+00
   2.6237176e+01   1.9037211e+00  -1.1950577e+01
   1.4769396e+01   2.0367121e+01  -2.7033357e+01
   2.3597276e+01   4.0314021e+01  -1.6206477e+01
   2.6471176e+01   3.5167021e+01   1.0715243e+01
  -2.9340624e+01  -1.2889979e+01   1.5649943e+01
  -2.7625724e+01  -1.5932779e+01   2.0412543e+01
   1.6940696e+01   1.3549621e+01  -2.2172557e+01
   2.4226776e+01   3.2638211e+00   1.5072543e+01
  -2.6942824e+01   2.6356721e+01  -2.4196757e+01
  -1.1510424e+01  -2.8834179e+01   2.7899943e+01
  -8.1059240e+00  -3.6443579e+01  -1.6803417e+01
  -1.3166424e+01  -3.3574789e+00  -3.0972357e+01
  -3.7152024e+01   2.9795221e+01  -1.1626734e-01
   2.2420776e+01  -1.4553379e+01  -1.5150457e+01
   1.5484896e+01  -3.4461679e+01   1.1890643e+01
  -1.6069524e+01  -3.5563679e+01  -2.5901657e+01
  -1.5163124e+01   2.0920121e+01   2.9810343e+01
  -1.1335624e+01   2.2545721e+01  -3.2243757e+01
   2.7799176e+01   4.3291021e+01   1.2345243e+01
   4.5229460e+00  -2.0838979e+01  -2.9072057e+01
  -2.3983624e+01  -3.5434779e+01   1.9340543e+01
   1.3033186e+01   2.1734421e+01  -2.8259557e+01
  -2.2862240e+00   2.6616221e+01  -3.0676157e+01
  -2.5940024e+01   5.3104211e+00  -2.4148557e+01
   2.4127076e+01  -3.2057779e+01   3.0929427e+00
  -1.7322524e+01  -3.4579379e+01  -2.6101157e+01
   9.5823280e+00  -1.0314379e+01  -2.9298857e+01
  -2.9280240e+00   9.1177211e+00  -3.0615757e+01
   1.5596366e+01   3.2386121e+01  -2.3475957e+01
   8.4927170e+00   4.2080021e+01   3.3394843e+01
  -1.7402624e+01  -3.7129679e+01  -1.7485857e+01
   2.5935776e+01  -1.8502789e+00   1.9413827e+00
  -3.0730224e+01   2.5639421e+01  -1.4752997e+01
  -4.0126240e+00   2.8626621e+01  -3.0567957e+01
   6.0244595e-01   7.9276211e+00   3.1225643e+01
  -3.0611024e+01   1.3739821e+01   1.4570043e+01
  -2.5961024e+01   1.0732121e+01  -2.4385757e+01
  -2.0694224e+01  -2.8278579e+01   2.6016343e+01
   3.8162460e+00  -2.9500079e+01  -3.0816857e+01
   3.4620860e+00  -2.7332979e+01   2.9972243e+01
   4.5949876e+01   2.0636921e+01  -1.8028557e+01
  -3.6769024e+01   4.2472021e+01  -1.4029017e+01
   1.3365096e+01   1.7588121e+01   2.6695943e+01
