   8.7885768e+01   4.3641883e+01   2.5178215e+01
   5.2102595e+01   4.4452015e+01   7.2314164e+01
   5.1851426e+01   7.5409869e+01   4.2198403e+01
   8.3997106e+01   1.8450995e+01   4.2670671e+01
   9.3606085e+01   3.9496579e+01   9.2376316e+01
   6.1822325e+01   6.9545174e+01   7.5904546e+01
   7.5572298e+01   7.7076844e+01   3.0293055e+01
   8.2965735e+01   2.5497755e+01   3.1541773e+01
   4.1819563e+01   6.5340487e+01   5.4902561e+01
   5.9870506e+01   8.1845197e+01   5.7095804e+01
   1.1539841e+02   6.7283887e+01   5.4896196e+01
   6.1760539e+01   4.5035204e+01   7.5719917e+01
   7.9280992e+01   7.4798913e+01   1.9753329e+01
   1.1524986e+02   5.9423533e+01   4.5512058e+01
   4.1445021e+01   3.2008582e+01   3.7295273e+01
   8.4534653e+01   4.2615016e+01   2.4021844e+01
   8.5065380e+01   7.9585729e+01   6.0330306e+01
   9.9431459e+01   1.3091003e+00   6.2941681e+01
   3.9192485e+01   4.9077975e+01   4.8859784e+01
   8.3864961e+01   8.2758750e+01   1.9854146e+01
   4.7910818e+01   2.8723134e+01   5.3766960e+01
   4.2660568e+01   3.3752435e+01   5.8078660e+01
   1.2427187e+02   7.4364400e+01   2.2631157e+01
   8.4406794e+01   4.4861462e+01   9.1165338e+01
   1.1008940e+02   6.5128932e+01   4.8641937e+01
   6.4405447e+01   2.0396219e+01   5.6453534e+01
   1.0890254e+02   5.9964381e+01   8.8242842e+01
   1.0148804e+02   5.6363948e+01   8.7520331e+01
   9.2369499e+01   6.9751865e+01   3.2994513e+01
   3.8048198e+01   5.7152919e+01   5.5154192e+01
   7.2101259e+01   7.3891233e+01   6.9342693e+01
   9.6455135e+01   6.7806484e+01   7.5645808e+01
   5.0356691e+01   6.4067300e+01   6.6156924e+01
   8.2497150e+01   3.8977367e+01   2.4157655e+01
   4.6884185e+01   3.3262952e+01   2.9163986e+01
   4.7288179e+01   2.8544256e+01   5.1465422e+01
   8.4527719e+01   2.6494013e+01   3.1855000e+01
   7.2132975e+01   6.4266485e+01   1.9901350e+01
   9.5971153e+01   5.9422847e+01   8.4751028e+01
   8.6669390e+01   1.3111963e+01   7.0397722e+01
   8.4543870e+01   1.3450239e+01   6.6858151e+01
   4.3538281e+01   6.4283325e+01   5.4436141e+01
   5.4517211e+01   6.3406246e+01   2.6677415e+01
   4.7437201e+01   5.1287601e+01   2.7302341e+01
   4.2168455e+01   3.4560658e+01   3.6724499e+01
   4.8214600e+01   5.5263095e+01   2.8713553e+01
   8.6643422e+01   7.5114025e+01   7.0087763e+01
   9.7654629e+01   2.0277506e+01   9.4498608e+01
   9.1937493e+01   5.2130701e+01   2.4398039e+01
   6.6074742e+01   2.3689547e+01   6.5256951e+01
   4.6176333e+01   5.8359985e+01   6.6834403e+01
   1.0014953e+02   7.0376027e+01   7.4564796e+01
   7.9614522e+01   8.0900917e+01   4.8603926e+01
   4.9378600e+01   3.2303022e+01   6.0337642e+01
   8.5584972e+01   6.8285490e+01   2.9949639e+01
   1.0926213e+02   6.5262983e+01   8.0728184e+01
   1.1426998e+02   4.7394822e+01   3.6832419e+01
   5.1745680e+01   6.0733349e+01   2.6113701e+01
   1.1673120e+02   6.4068726e+01   5.5789413e+01
   1.1097897e+02   6.2788525e+01   7.9176429e+01
   1.0881290e+02   6.0883478e+01   4.1425421e+01
   1.2224020e+02   5.8209405e+01   5.0645735e+01
   7.7230439e+01   5.5708967e+01   1.8397103e+01
   8.3161058e+01   7.7686335e+01   3.9773503e+01
   8.2249673e+01   7.6984038e+01   6.8469282e+01
   6.6015842e+01   3.3391255e+01   7.6997061e+01
   5.1004792e+01   6.7314209e+01   3.5125103e+01
   1.2685937e+02   3.9283577e+01   3.5777119e+01
   4.9123489e+01   2.7823922e+01   4.1061899e+01
   7.1487232e+01   2.5962174e+01   3.3510590e+01
   3.5106931e+01   4.3693025e+01   5.5058478e+01
   9.6304142e+01   1.2533805e+01   4.5057894e+01
   6.5674341e+01   3.8648759e+01   2.3314517e+01
   8.3582119e+01   8.0101800e+01   6.0031271e+01
   7.9619182e+01   2.0559261e+01   4.0587725e+01
   1.2890911e+02   4.2214923e+01   4.0370549e+01
   1.0060810e+02   7.2005807e+01   5.7376786e+01
   7.6824375e+01   8.1716362e+01   6.0944848e+01
   9.0993225e+01   5.2278524e+01   2.6479510e+01
   8.3018286e+01   6.9239026e+01   2.5228363e+01
   9.4004703e+01   8.5346328e+01   2.0604217e+01
   6.5796296e+01   7.5821240e+01   2.2464336e+01
   1.1287146e+02   8.2605165e+01   2.2185304e+01
   1.2042709e+02   6.6215460e+01   8.2243551e+01
   5.3986749e+01   5.1936121e+01   1.5623097e+01
   8.9824414e+01   6.4719476e+01   8.3030288e+01
   7.4206988e+01   2.9434119e+01   2.8194222e+01
   5.5647643e+01   3.4622078e+01   7.0726819e+01
   4.4987754e+01   4.2363938e+01   6.9446461e+01
   9.8623813e+01   7.1413420e+01   4.1369191e+01
   1.2098608e+02   6.2046286e+01   5.6893260e+01
   5.2159776e+01   5.5455202e+01   2.0387577e+01
   7.3889689e+01   6.3861938e+01   8.1615751e+01
   4.0649005e+01   4.3027279e+01   3.4529865e+01
   1.0639662e+02   9.1026507e+00   4.9687742e+01
   7.4950335e+01   1.8839853e+01   4.2604111e+01
   9.7718874e+01   7.1519108e+01   4.6210980e+01
   9.1908741e+01   6.0216264e+01   2.9208347e+01
   1.2026033e+02   6.6238905e+01   7.4660867e+01
   1.2929651e+02   6.2243947e+01   6.3061776e+01
   8.5811908e+01   7.8976852e+01   2.1735954e+01
   1.2986947e+02   5.1114496e+01   4.1430486e+01
   1.2417028e+02   6.8691178e+01   2.5905429e+01
   1.2752051e+02   6.7509138e+01   3.8216971e+01
   4.9434829e+01   3.1256736e+01   5.8206976e+01
   6.5803137e+01   2.6028450e+01   3.3354673e+01
   1.2914453e+02   5.8107263e+01   4.8313174e+01
   1.1126245e+02   6.6072629e+01   4.6247620e+01
   1.0664277e+02   1.0433435e+00   5.4379645e+01
   4.3119777e+01   3.2653634e+01   3.9517048e+01
   8.5945297e+01   7.9814641e+01   1.6006507e+01
   7.8844615e+01   6.8564635e+01   7.6017908e+01
   4.9380445e+01   8.3380890e+01   5.6660891e+01
   7.4092949e+01   5.8468886e+01   1.9718291e+01
   7.3967084e+01   2.2787256e+01   7.7171407e+01
   8.5676874e+01   1.2630219e+01   6.4224913e+01
   1.0608539e+02   3.7042329e+01   3.0231441e+01
   8.7421247e+01   2.8057093e+01   2.9607856e+01
   3.7725373e+01   5.7038643e+01   5.5682867e+01
   5.4223272e+01   2.7432971e+01   6.1307729e+01
   1.2333064e+02   6.2285442e+01   5.3645146e+01
   1.0678922e+02   5.1539367e+01   9.2250405e+01
   7.6406667e+01   6.2103457e+01   1.8760278e+01
   4.5757401e+01   7.0751049e+01   5.9212306e+01
   1.2649454e+02   6.4554722e+01   6.0068669e+01
   8.5361418e+01   1.6707418e+01   4.5476888e+01
   6.1479759e+01   6.4292956e+01   1.4277291e+01
   8.6012427e+01   2.4920441e+01   3.1986719e+01
   1.1368102e+02   3.3846433e+01   3.3281540e+01
   8.8926278e+01   7.6043891e+01   3.8402177e+01
   9.9295198e+01   5.3977446e+01   3.0909189e+01
   1.2260977e+02   6.0674029e+01   5.5829987e+01
   6.1338624e+01   3.2555930e+01   7.2539000e+01
   7.8123312e+01   3.1696101e+01   2.6391775e+01
   6.4243554e+01   5.4437485e+01   1.6149045e+01
   3.9425930e+01   6.9093292e+01   6.6305439e+01
   4.4830434e+01   5.5744095e+01   3.7836396e+01
   8.3221638e+01   7.6829496e+01   2.3273450e+01
   7.0568583e+01   2.4467517e+01   3.7017655e+01
   9.6670652e+01   3.2305025e+01   9.8280972e+01
   7.8169694e+01   3.2848897e+01   2.6023311e+01
   1.0617158e+02   2.0491008e+01   3.6639741e+01
   9.4018630e+01   8.8581632e+00   6.9223235e+01
   8.7967731e+01   7.9643611e+01   4.9543620e+01
   3.8142124e+01   3.5285024e+01   3.7907574e+01
   5.5348831e+01   4.4767418e+01   7.3321245e+01
   1.0644422e+02   6.8166963e+01   4.4485811e+01
   9.0009165e+01   3.7774710e+01   2.5289309e+01
   7.2872066e+01   6.1224458e+01   1.9538520e+01
   8.6437864e+01   1.8927556e+01   4.0862163e+01
   5.3065842e+01   3.3293514e+01   3.0257673e+01
   1.0351242e+02   4.2765145e-01   6.1656143e+01
   1.2625376e+02   6.6724205e+01   7.5966851e+01
   5.5847260e+01   8.1209463e+01   5.5936733e+01
   8.4311566e+01   4.0663908e+01   8.8498518e+01
   6.1783676e+01   5.4994090e+01   1.3340897e+01
   1.1590952e+02   8.1601792e+01   2.3105094e+01
   9.7761594e+01   5.6205490e+01   2.8100964e+01
   5.8168318e+01   3.0376772e+01   2.8871746e+01
   1.0071281e+02   7.4424374e+01   5.7361406e+01
   8.2133056e+01   1.5727993e+01   7.0467018e+01
   4.9475594e+01   4.2224894e+01   1.9723805e+01
   4.9591855e+01   8.2309011e+01   6.2879805e+01
   6.8626580e+01   2.6177417e+01   7.5697039e+01
   4.1927854e+01   3.4509325e+01   3.1984366e+01
   1.2593387e+02   2.8597021e+01   3.6852970e+01
   6.8957515e+01   2.8701593e+01   7.5658783e+01
   3.6857717e+01   5.6540174e+01   5.6926213e+01
   7.9707693e+01   3.8379910e+01   8.6020976e+01
   4.3683538e+01   6.3215881e+01   5.3061734e+01
   4.1242030e+01   3.7818527e+01   6.0665312e+01
   9.7801026e+01   7.5302827e+01   6.1286385e+01
   5.0216293e+01   3.3881796e+01   6.4591074e+01
   9.5606603e+01   4.7427263e+00   8.2556920e+01
   7.3208595e+01   8.5599624e+01   4.2207650e+01
   1.1705089e+02   5.5227728e+01   3.8647216e+01
   8.1728422e+01   8.2306994e+01   5.0496651e+01
   4.9259821e+01   3.0130992e+01   5.4638131e+01
   4.4845983e+01   4.0954807e+01   6.6844465e+01
   8.6770343e+01   9.8220038e+00   6.1978187e+01
   5.3288036e+01   4.8427819e+01   2.0494841e+01
   1.1988808e+02   6.2431991e+01   4.9580453e+01
   6.7127104e+01   6.0749375e+01   7.7355811e+01
   4.2396856e+01   5.5378873e+01   4.3277918e+01
   9.2386244e+01   3.6023333e+01   2.6462068e+01
   4.6882363e+01   3.4097964e+01   3.2054930e+01
   8.1644405e+01   6.5587198e+01   8.1614206e+01
   7.5509713e+01   1.5589998e+01   5.2936653e+01
   6.6219194e+01   3.7246490e+01   2.1505632e+01
   5.6404790e+01   7.0462776e+01   2.6267940e+01
   9.4107206e+01   3.6227598e+01   2.8713242e+01
   6.2703617e+01   4.5935453e+01   2.0798511e+01
   6.4769593e+01   8.2901517e+01   3.0693520e+01
   7.1938409e+01   1.7038946e+01   6.0395388e+01
   7.5967804e+01   6.8826802e+01   7.8354164e+01
   6.1091493e+01   7.0544074e+01   7.5195636e+01
   8.8313786e+01   9.5793177e+00   5.8154541e+01
   3.3513537e+01   4.5841945e+01   5.3837156e+01
   8.5239841e+01   2.4232882e+01   8.4704582e+01
   8.7310882e+01   7.7644341e+01   5.5836454e+01
   1.0171906e+02   8.3648431e+00   5.0038389e+01
   8.6381854e+01   5.7587444e+01   2.2656042e+01
   7.1488478e+01   4.7431481e+01   1.9721592e+01
   8.0131985e+01   7.1131986e+01   7.3376775e+01
   4.3804130e+01   3.9669598e+01   3.1515344e+01
   8.2647511e+01   4.5554844e+01   8.7478479e+01
   8.3763769e+01   1.2265356e+01   6.9532722e+01
   3.9277361e+01   4.6427170e+01   6.7691317e+01
   1.0022484e+02   6.3156017e+01   3.3149053e+01
   9.7109609e+01   1.5017403e+00   7.5537028e+01
   5.6466874e+01   7.3402792e+01   2.8869447e+01
   1.2075748e+02   1.7898107e+01   3.8447332e+01
   7.3267633e+01   3.9654537e+01   2.2036983e+01
   8.2179377e+01   3.0901866e+01   8.5672473e+01
   4.6707984e+01   3.1591018e+01   3.6913233e+01
   9.5301590e+01   6.0368370e+01   3.1332217e+01
   4.5769047e+01   5.3014452e+01   3.7445512e+01
   9.3772911e+01   2.4554787e+01   9.4614919e+01
   4.9602566e+01   3.8120641e+01   2.8079086e+01
   1.0650637e+02   4.8471629e+01   3.3167981e+01
   7.4406178e+01   7.2946798e+01   7.4590741e+01
   1.1355181e+02   6.6755812e+01   5.0424279e+01
   8.9677903e+01   1.5712826e+01   4.2102914e+01
   3.9733894e+01   4.7317541e+01   4.1071740e+01
   6.0447774e+01   6.2078117e+01   1.3979712e+01
   3.7590832e+01   4.6346415e+01   4.4682168e+01
   1.2060878e+02   4.5954097e+01   3.9862167e+01
   3.7343870e+01   4.9600002e+01   6.7498190e+01
   1.3084883e+02   5.6100656e+01   4.5498120e+01
   5.6882747e+01   7.1311930e+01   6.4548406e+01
   9.7307001e+01   7.1800499e+01   4.0528727e+01
   9.4907146e+01   5.3774477e+01   2.8608290e+01
   5.6057922e+01   3.6095264e+01   7.2430210e+01
   9.0349464e+01   8.2204861e+01   1.6301440e+01
   4.2917001e+01   7.5441098e+01   6.4881014e+01
   5.5383092e+01   4.4686537e+01   7.7114674e+01
   9.9760763e+01   7.4318898e+01   5.1123138e+01
   3.7144555e+01   3.5865875e+01   5.3917135e+01
   8.5414904e+01   7.7980361e+01   5.8472122e+01
   7.7915661e+01   8.0687662e+01   6.2754650e+01
   1.0914466e+02   6.9096591e+01   4.9854937e+01
   7.3377440e+01   4.3777449e+01   8.6209710e+01
   4.1655059e+01   4.7030349e+01   4.1007027e+01
   9.7426335e+01   7.7433141e+01   1.6910159e+01
   9.1352945e+01   5.1531634e+01   2.4068946e+01
   6.3201965e+01   7.6069652e+01   2.2818899e+01
   9.9901105e+01   4.0810986e+00   5.8639091e+01
   7.5102501e+01   4.6470605e+01   8.6958987e+01
   1.0551895e+02   5.7656680e+01   3.3202732e+01
   9.5732748e+01   1.5560385e+01   4.3981753e+01
   8.4025100e+01   7.9032375e+01   5.0137527e+01
   6.5899802e+01   4.1196874e+01   1.8910624e+01
   9.5093590e+01   6.3309021e+01   8.4588156e+01
   1.0121658e+02  -6.5395792e-01   6.2881551e+01
   6.0302335e+01   7.4427873e+01   6.3678390e+01
   8.5553208e+01   6.4363952e+01   2.7310928e+01
   8.2260474e+01   7.0076627e+01   7.4374577e+01
   9.3708566e+01   2.8442859e+01   3.1720403e+01
   8.2266195e+01   1.8902062e+01   3.9351188e+01
   1.0991687e+02   4.8041842e+01   3.4776358e+01
   9.2822365e+01   1.1880146e+01   8.6495198e+01
   4.0204275e+01   5.4715697e+01   5.2785684e+01
   8.3978142e+01   2.3408379e+01   3.3478065e+01
   4.7064231e+01   2.9995546e+01   5.6316142e+01
   9.5383299e+01   7.4041265e+01   5.3034189e+01
   7.7895550e+01   7.1568911e+01   7.3062772e+01
   4.2366344e+01   5.1667220e+01   4.4357186e+01
   6.1353420e+01   7.2847681e+01   2.1698034e+01
   4.5493255e+01   5.3576223e+01   6.8099554e+01
   6.9454038e+01   1.8030003e+01   5.8113129e+01
   5.0028582e+01   7.9782585e+01   5.0678351e+01
   1.2869661e+02   4.5442705e+01   3.7994854e+01
   8.0519637e+01   2.6044261e+01   8.2473757e+01
   6.4983056e+01   2.2891900e+01   6.1020936e+01
   7.0259496e+01   7.7633206e+01   2.2998561e+01
   4.7373175e+01   3.0645740e+01   5.2070184e+01
   6.5917320e+01   2.6566327e+01   7.0115865e+01
   7.4915855e+01   8.1885883e+01   3.2819855e+01
   8.7905502e+01   1.2294018e+01   5.5706823e+01
   4.8783416e+01   7.6364603e+01   5.0845350e+01
   5.3650456e+01   3.6547359e+01   2.7789550e+01
   8.8597623e+01   1.7317747e+01   8.5330155e+01
   1.0730499e+02   5.0782702e+01   3.4159460e+01
   4.9530339e+01   2.8974900e+01   4.5912751e+01
   1.1417102e+02   6.6270749e+01   6.5611441e+01
   4.4937590e+01   6.5577304e+01   5.2344059e+01
   7.1700129e+01   8.3071616e+01   3.7251632e+01
   6.1773736e+01   7.3501625e+01   6.5390446e+01
   8.8753489e+01   9.1122598e+00   6.7056364e+01
   5.8951665e+01   7.4914252e+01   2.7825383e+01
   8.8993019e+01   7.1491583e+01   3.6028375e+01
   1.0822291e+02   3.2975101e+01   3.1723568e+01
   1.0291348e+02   4.2640422e+01   2.8541932e+01
   7.7654582e+01   1.4916746e+01   5.2066391e+01
   1.1406542e+02   3.4413765e+01   3.5539711e+01
   6.9620246e+01   3.1523554e+01   2.6299331e+01
   8.1925576e+01   6.4040210e+01   8.2806435e+01
   9.0178043e+01   8.5174674e+00   6.7531039e+01
   4.1671309e+01   3.2434921e+01   3.5797162e+01
   5.9460800e+01   6.1283931e+01   1.4066584e+01
   4.2200137e+01   3.6836791e+01   2.9359326e+01
   1.0461523e+02   6.7526849e+01   4.6320645e+01
   4.8989093e+01   7.4700485e+01   5.1824893e+01
   1.2376116e+02   6.3581963e+01   5.7190384e+01
   7.4722645e+01   2.1936063e+01   4.0048467e+01
   1.2467344e+02   3.1953473e+01   3.7750056e+01
   4.3678649e+01   4.2898415e+01   3.2784117e+01
   5.1256252e+01   6.5046711e+01   3.6620863e+01
   4.2693405e+01   6.4444881e+01   6.1730616e+01
   1.0203172e+02   4.9267138e+01   9.2199770e+01
   9.0177292e+01   1.1145192e+01   5.7392562e+01
   6.9058970e+01   4.1514051e+01   8.0472205e+01
   5.2089992e+01   2.9945890e+01   5.9130466e+01
   5.5261389e+01   5.7167250e+01   7.8205760e+01
   6.0327453e+01   7.8075350e+01   2.3445263e+01
   1.1284551e+02   6.4705829e+01   7.5090416e+01
   1.0311670e+02   4.3636481e+01   9.5725647e+01
   7.4585193e+01   8.1147312e+01   6.3095228e+01
   1.1174752e+02   1.4755097e+01   4.2968668e+01
   5.1392633e+01   6.6189133e+01   6.5445560e+01
   6.9830714e+01   7.5716553e+01   2.4261717e+01
   1.1024414e+02   5.4888446e+01   3.4682132e+01
   9.3487876e+01   5.1687653e+01   2.7514638e+01
   9.1461363e+01   1.0218403e+01   6.0100433e+01
   1.1221910e+02   6.1922691e+01   4.5878090e+01
   1.2559156e+02   7.1937841e+01   2.2333876e+01
   1.3049764e+02   4.7630066e+01   3.8625686e+01
   5.0761809e+01   5.1245582e+01   1.9147541e+01
   9.2185027e+01   9.7594250e+00   6.7130013e+01
   5.9332270e+01   6.0022812e+01   1.3857163e+01
   6.2114978e+01   5.7442958e+01   1.3286271e+01
   9.5046774e+01   8.3423288e+00   5.4148515e+01
   1.2003066e+02   2.6762145e+01   3.5443636e+01
   1.0901482e+02   1.0206389e+01   4.7145369e+01
   5.4496605e+01   7.6689121e+01   6.9890934e+01
   6.4615731e+01   5.1874013e+01   1.4443176e+01
   3.5381139e+01   4.1822011e+01   5.1298575e+01
   8.2676910e+01   8.3041976e+01   2.1710102e+01
   4.5097666e+01   3.1909174e+01   3.7974234e+01
   8.1078124e+01   5.5221633e+01   2.2437207e+01
   9.3438585e+01   7.2733238e+01   7.2230054e+01
   4.1501099e+01   6.3285151e+01   6.1679007e+01
   9.5585233e+01   5.2725432e+00   8.3601997e+01
   9.4487478e+01   1.2930389e+01   4.8697300e+01
   5.6768268e+01   3.3385126e+01   7.2181959e+01
   6.2755026e+01   2.3409684e+01   4.6764744e+01
   6.5607164e+01   6.7752721e+01   7.7704780e+01
   6.1902437e+01   6.0381024e+01   7.9885623e+01
   7.2825672e+01   6.0080069e+01   8.3256046e+01
   9.1275291e+01   3.3508574e+01   2.7185530e+01
   1.0722097e+02   6.2364866e+01   8.5257630e+01
   5.2557213e+01   3.3441881e+01   2.6236388e+01
   7.4622812e+01   7.8717990e+01   2.7724004e+01
   1.2662457e+02   4.8597173e+01   4.3692173e+01
   6.5639713e+01   7.3471043e+01   2.0742948e+01
   1.0284777e+02   6.6136965e+01   4.2341777e+01
   7.3680705e+01   1.7891295e+01   5.7455636e+01
   4.9719149e+01   8.1746326e+01   5.3130477e+01
   7.6170608e+01   2.7846987e+01   8.0399685e+01
   1.0106560e+02   5.6363748e+01   9.0793129e+01
   8.4418570e+01   7.6417766e+01   6.4532219e+01
   9.4895959e+01   7.6380776e+01   6.0478207e+01
   1.0770249e+02   7.0583832e+01   5.2096446e+01
   6.0487210e+01   5.3622509e+01   8.0535683e+01
   7.4505267e+01   7.6576229e+01   7.0385709e+01
   7.8232665e+01   6.3922384e+01   2.2962708e+01
   1.2617177e+02   4.1944446e+01   4.0313650e+01
   8.3866767e+01   8.0252415e+01   2.4131734e+01
   1.2912287e+02   5.5937654e+01   5.1193231e+01
   1.2202526e+02   3.2829050e+01   3.7783083e+01
   1.2898227e+02   4.5942908e+01   4.2333148e+01
   1.2420847e+02   4.9743496e+01   4.3548318e+01
   9.2728564e+01   9.6345130e+00   6.0932135e+01
   6.1158652e+01   2.4230830e+01   6.4335053e+01
   4.7270422e+01   4.4037910e+01   6.9882071e+01
   6.2265250e+01   2.8665274e+01   3.2641011e+01
   5.4136956e+01   7.1743715e+01   7.2997397e+01
   4.5608530e+01   4.2925193e+01   2.9789204e+01
   6.9546357e+01   4.0679718e+01   2.1775121e+01
   4.7963326e+01   7.1528581e+01   5.1147716e+01
   1.0265608e+02   6.4096487e+01   7.9562723e+01
   1.1331976e+02   7.7366210e+01   1.6404670e+01
   7.0510565e+01   5.4891993e+01   8.0048778e+01
   4.1445969e+01   7.3808210e+01   6.4167845e+01
   4.9939638e+01   7.7152528e+01   5.2064901e+01
   4.5189335e+01   3.1238818e+01   4.7852506e+01
   6.5015680e+01   8.7222950e+01   5.3961078e+01
   8.5350134e+01   1.2999509e+01   4.9444399e+01
   9.5097416e+01   1.8197272e+01   4.0398075e+01
   5.9525594e+01   2.2598346e+01   5.4324788e+01
   1.2814671e+02   5.8967710e+01   3.3266005e+01
   9.1993433e+01   7.3896073e+01   7.0423465e+01
   1.1720122e+02   6.7353247e+01   6.9421488e+01
   5.2054066e+01   2.8503042e+01   4.1385999e+01
   4.2919925e+01   4.6238649e+01   7.0074097e+01
   8.9738467e+01   7.0000847e+01   7.7392086e+01
   7.2540205e+01   2.0142559e+01   4.5826773e+01
   3.7902339e+01   4.9296149e+01   6.7834634e+01
   1.2262320e+02   3.5759191e+01   3.5792980e+01
   1.0284381e+02   7.7293902e+00   5.0264597e+01
   5.4609119e+01   3.9301935e+01   7.2879188e+01
   1.3183586e+02   4.3850200e+01   3.9335869e+01
   9.4299245e+01   6.2720984e+00   8.3998792e+01
   5.7137436e+01   8.8330295e+01   5.2500912e+01
   6.7953179e+01   7.9055018e+01   6.7849047e+01
   8.0779179e+01   4.8530462e+01   8.9120974e+01
   1.2155807e+02   5.0442418e+01   4.2542695e+01
   5.9002525e+01   7.4751663e+01   2.7503168e+01
   7.1569410e+01   4.9134874e+01   1.7075656e+01
   6.4657775e+01   3.1111392e+01   7.6740364e+01
   6.6451270e+01   2.7937515e+01   7.2442321e+01
   9.0132774e+01   3.4882808e+01   2.6363442e+01
   1.0025002e+02   7.2659620e+01   4.5815028e+01
   8.8815698e+01   6.7646838e+01   3.1864621e+01
   5.4194594e+01   7.9951729e+01   5.6106166e+01
   1.1775902e+02   6.0855078e+01   8.3097502e+01
   1.1815668e+02   5.8756268e+01   4.0639902e+01
   1.2707071e+02   6.6798359e+01   3.8323194e+01
   8.0560206e+01   6.6895988e+01   7.7498233e+01
   1.1944727e+02   3.7372598e+01   3.7460406e+01
   8.3351494e+01   2.2763607e+01   3.4296253e+01
   6.4592897e+01   4.9309272e+01   1.9080527e+01
   8.5232030e+01   5.7949509e+01   2.4731050e+01
   9.7978691e+01   6.8139238e+01   7.8961261e+01
   3.3313008e+01   4.6554780e+01   5.6235525e+01
   7.0473524e+01   3.3829515e+01   8.0198810e+01
   1.1080492e+02   6.5640526e+01   7.4236293e+01
   9.1675469e+01   7.4411234e+01   4.4894067e+01
   7.9326551e+01   4.8443230e+01   8.5442431e+01
   5.5284641e+01   3.9185689e+01   2.5690177e+01
   9.5270678e+01   5.9509706e+01   2.7937034e+01
   4.6469297e+01   3.0838120e+01   5.7375939e+01
   4.2448123e+01   5.2029138e+01   4.4553631e+01
   5.0328698e+01   7.5485641e+01   4.6607554e+01
   1.0584385e+02   4.8989925e+01   3.2969372e+01
   1.1910066e+02   1.5885037e+01   3.9733485e+01
   9.0621896e+01   7.3505433e+01   3.5986899e+01
   4.4023554e+01   3.1929836e+01   4.1402801e+01
   5.7442684e+01   6.4417182e+01   1.6750385e+01
   7.1453496e+01   5.2104787e+01   1.6456336e+01
   1.1058629e+02   4.5931785e+01   3.4586399e+01
   8.8449752e+01   9.2438209e+00   6.7033272e+01
   1.1090322e+02   8.3196602e+01   2.2316553e+01
   9.2000840e+01   1.2408708e+01   5.1065726e+01
   7.0180289e+01   4.9312037e+01   8.0457566e+01
   1.0285549e+02   2.1720051e+00   5.5665384e+01
   5.7650987e+01   4.2520843e+01   1.7241518e+01
   6.8144236e+01   7.6999430e+01   6.4631024e+01
   7.7637779e+01   2.5304845e+01   3.3389786e+01
   6.9047564e+01   1.8735744e+01   4.9146243e+01
   7.6918432e+01   4.7257837e+01   1.9062896e+01
   7.0607914e+01   7.0150552e+01   2.1209463e+01
   4.5230324e+01   5.6599073e+01   3.7769582e+01
   6.3952672e+01   7.2217458e+01   6.8213473e+01
   7.6274352e+01   7.9226473e+01   6.1788988e+01
   6.7516707e+01   8.1989387e+01   5.8932355e+01
   4.5417400e+01   3.7166097e+01   2.5763508e+01
   1.1019972e+02   5.8030859e+01   3.6529129e+01
   9.7838754e+01   4.8769395e+00   6.1271731e+01
   1.1108382e+02   2.3016505e+01   3.6008935e+01
   8.1833430e+01   7.9978916e+01   4.9976345e+01
   8.2286987e+01   1.9068576e+01   3.9097221e+01
   7.6253340e+01   2.0926059e+01   4.1341074e+01
   9.4249485e+01   2.0428661e+01   9.5997687e+01
   1.3047350e+02   5.8291239e+01   5.4636803e+01
   3.6257034e+01   6.1850950e+01   6.5108966e+01
   5.6501824e+01   2.9885266e+01   3.3388986e+01
   5.0881532e+01   3.6480647e+01   2.3346948e+01
   5.0477888e+01   7.4085544e+01   4.4493535e+01
   1.2132575e+02   2.4202264e+01   3.4653337e+01
   1.3044976e+02   6.7933769e+01   3.0579982e+01
   4.9498263e+01   6.9903466e+01   4.2006157e+01
   1.0427154e+02   5.6146154e+01   9.1386860e+01
   9.2520445e+01   9.4571103e+00   7.9175438e+01
   7.8336457e+01   1.9412974e+01   4.3438710e+01
   7.5679274e+01   8.2040132e+01   3.4180295e+01
   1.2833993e+02   5.9723002e+01   3.8275452e+01
   1.1948851e+02   3.3312674e+01   3.7295568e+01
   7.8532139e+01   1.7630663e+01   4.7739830e+01
   6.2699220e+01   2.3520248e+01   4.6220209e+01
   9.4668300e+01   2.2443611e+01   3.5943029e+01
   4.1895104e+01   3.2254414e+01   3.5916390e+01
   8.1912611e+01   1.8818974e+01   3.9570609e+01
   4.9181471e+01   6.2038970e+01   3.3697505e+01
   8.0165731e+01   8.0714656e+01   5.1324052e+01
   1.2154803e+02   6.3460526e+01   6.6696479e+01
   9.7793811e+01   6.6739495e+00   6.4193771e+01
   5.2381659e+01   7.0236087e+01   3.9386192e+01
   9.0340538e+01   1.1498142e+01   5.5409376e+01
   1.0810266e+02   7.0225266e+01   5.1586728e+01
   5.2027482e+01   7.0562240e+01   3.5916885e+01
   1.2319831e+02   6.1914730e+01   5.2651835e+01
   3.7905028e+01   5.4660629e+01   5.8278297e+01
   6.5973030e+01   2.9526964e+01   7.6526196e+01
   9.9012770e+01   4.4872660e+00   7.2232748e+01
   1.1505392e+02   6.8087446e+01   6.9690144e+01
   8.2039050e+01   4.1356321e+01   8.7442517e+01
   1.2443982e+02   6.3649322e+01   7.7417929e+01
   7.6504262e+01   4.3923782e+01   8.7710358e+01
   8.1543614e+01   1.8137660e+01   7.9126815e+01
   4.8319129e+01   5.8740044e+01   3.2060482e+01
   6.2577438e+01   3.1964509e+01   7.5720096e+01
   1.0377257e+02  -3.1269751e-01   5.9327794e+01
   4.2004745e+01   6.7057568e+01   5.6174965e+01
   1.1770762e+02   1.8201218e+01   3.6572526e+01
   6.0716936e+01   2.8905260e+01   6.7986061e+01
   6.8449942e+01   8.1702173e+01   2.5602708e+01
   6.7788609e+01   3.6281128e+01   2.2304833e+01
   4.2961001e+01   3.2586582e+01   4.1283923e+01
   5.0221739e+01   8.3160351e+01   5.3571914e+01
   5.6514268e+01   7.0371013e+01   2.9017099e+01
   6.3257890e+01   5.6788713e+01   1.5654146e+01
   4.8131702e+01   7.2322290e+01   5.9762970e+01
   6.3731168e+01   8.8861842e+01   3.8456708e+01
   9.8905329e+01   5.9073551e+01   8.5164127e+01
   6.7488713e+01   5.2780213e+01   1.5091454e+01
   3.6364500e+01   4.2028930e+01   4.6192137e+01
   1.0650056e+02   6.3019943e+01   3.7791567e+01
   6.4492049e+01   7.5831855e+01   2.2473436e+01
   1.2964267e+02   6.8388251e+01   2.7212097e+01
   1.1021773e+02   5.5741013e+01   9.7313570e+01
   3.7257727e+01   4.7294844e+01   6.6567831e+01
   7.2138140e+01   2.1386952e+01   6.8887888e+01
   3.8542717e+01   6.5075400e+01   6.7783232e+01
   4.1963257e+01   5.7997191e+01   5.1973555e+01
   7.0637991e+01   7.1000443e+01   2.1679332e+01
   1.2764781e+02   5.8146021e+01   5.4359841e+01
   1.0381022e+02   6.0539455e+01   8.3734954e+01
   1.0834106e+02   6.9288407e+01   4.9109385e+01
   8.3896754e+01   4.0730447e+01   2.4166660e+01
   6.5484997e+01   4.5314237e+01   1.6832549e+01
   1.0447421e+02   4.6469161e+01   1.0135668e+02
   3.9286319e+01   6.5129386e+01   6.0138962e+01
   8.5292545e+01   4.6052596e+01   2.1952980e+01
   5.2585985e+01   7.4741002e+01   5.9909052e+01
   9.3399913e+01   5.6279378e+01   8.9783507e+01
   1.1338534e+02   6.5015094e+01   5.3242967e+01
   6.6441217e+01   8.4869765e+01   5.3838222e+01
   6.5121512e+01   7.1758130e+01   7.4911382e+01
   7.0971505e+01   8.4722793e+01   3.3815605e+01
   5.0041111e+01   6.4828475e+01   3.4738538e+01
   8.6667753e+01   1.5890987e+01   7.6826946e+01
   5.2199560e+01   2.7783080e+01   4.5607969e+01
   8.1240605e+01   7.6157899e+01   3.4249155e+01
   8.2154755e+01   6.5194879e+01   7.9038911e+01
   8.2835677e+01   4.2315332e+01   2.3458136e+01
   3.7163968e+01   4.2807342e+01   4.5519968e+01
   1.1131283e+02   6.6633022e+01   7.1029445e+01
   3.6361867e+01   4.9747871e+01   5.7834879e+01
   6.1161918e+01   8.0016962e+01   2.9469911e+01
   7.7705762e+01   1.4156636e+01   5.8170250e+01
   1.0870168e+02   7.0860896e+01   6.6176558e+01
   1.0181846e+02   4.6350493e+01   9.3504330e+01
   9.1892505e+01   5.1109670e+01   8.8964358e+01
   5.9674897e+01   2.5054941e+01   5.7725990e+01
   6.8579161e+01   5.3061895e+01   1.7620274e+01
   9.5822780e+01   3.7097971e+00   8.0544391e+01
   3.3716093e+01   4.6286246e+01   5.3767594e+01
   7.7417921e+01   5.0273209e+01   8.4172414e+01
   1.1435513e+02   1.7076034e+01   4.1113881e+01
   4.6713414e+01   4.4237429e+01   6.9559283e+01
   6.9638962e+01   8.7220373e+01   4.2034036e+01
   8.7680461e+01   5.4242148e+01   2.5216746e+01
   6.1964167e+01   5.5099690e+01   1.3363285e+01
   5.7553609e+01   7.0010833e+01   2.6016886e+01
   4.4124765e+01   3.2250053e+01   5.1306129e+01
   1.0844967e+02   5.2841102e+01   9.9239785e+01
   9.8123183e+01   5.8518322e+01   3.2086183e+01
   1.2718532e+02   7.4049356e+01   3.1482004e+01
   4.5992756e+01   2.8821643e+01   4.2919897e+01
   3.4743703e+01   5.4701776e+01   5.9437873e+01
   8.5453233e+01   2.5623973e+01   8.5751759e+01
   6.6982602e+01   2.0094633e+01   6.2595327e+01
   7.1090783e+01   4.0144810e+01   2.0257961e+01
   9.1609569e+01   3.4323650e+01   2.6916624e+01
   5.3201257e+01   7.4431497e+01   7.1251024e+01
   8.4607993e+01   2.9473865e+01   2.9541455e+01
   6.3307322e+01   3.5820333e+01   7.8588064e+01
   4.9494961e+01   5.2434977e+01   2.7395543e+01
   7.0104810e+01   5.1489513e+01   8.0218149e+01
   6.9909350e+01   2.0036808e+01   6.7603593e+01
   8.8180367e+01   1.4654630e+01   4.4228915e+01
   7.1437169e+01   4.6645235e+01   8.1462026e+01
   5.1503748e+01   8.0274300e+01   6.6556592e+01
   4.4707332e+01   3.1517245e+01   4.8622561e+01
   5.2881671e+01   7.4179642e+01   6.0463999e+01
   1.0520651e+02   1.8388779e+01   4.0848971e+01
   3.4064682e+01   5.1397511e+01   6.3059442e+01
   8.2626723e+01   7.5264541e+01   6.7753013e+01
   8.7005154e+01   5.8880040e+01   8.7109543e+01
   1.2572337e+02   6.8913352e+01   3.1290478e+01
   8.6170332e+01   5.3105558e+01   8.6708419e+01
   1.2722047e+02   6.3788828e+01   4.1832082e+01
   9.9071784e+01   2.8389826e+01   9.6985002e+01
   9.1090605e+01   6.3378436e+01   8.1089527e+01
   9.5549948e+01   1.1788311e+01   8.3442128e+01
   5.6515119e+01   3.4655728e+01   2.4011873e+01
   6.1876933e+01   8.6470676e+01   3.3509546e+01
   4.3304840e+01   6.7019502e+01   5.3655463e+01
   1.1549289e+02   7.7486837e+01   2.4271817e+01
   9.4873040e+01   1.0095310e+01   8.9747426e+01
   9.4015773e+01   7.4312320e+01   6.8773055e+01
   3.3909523e+01   4.8627141e+01   6.2088607e+01
   4.3505316e+01   5.5454906e+01   6.6576530e+01
   1.0063458e+02   7.2183385e+01   7.0276685e+01
   5.9057312e+01   2.6615007e+01   6.6257591e+01
   5.1414938e+01   2.8465714e+01   4.2989525e+01
   4.6387177e+01   3.4046425e+01   2.8338344e+01
   1.2495861e+02   3.6990484e+01   3.8559246e+01
   1.0636373e+02   1.1787753e+01   4.6767885e+01
   8.2625690e+01   5.8660277e+01   2.3632650e+01
   7.8558933e+01   3.1567671e+01   2.7031735e+01
   1.0273684e+02   4.3987527e+01   2.8464698e+01
   3.5845743e+01   4.7548788e+01   6.5044992e+01
   6.2341243e+01   2.7725915e+01   3.1712966e+01
   1.2320497e+02   5.8841904e+01   4.7302540e+01
   7.9457592e+01   1.7781673e+01   7.6138555e+01
   4.8225617e+01   7.3351970e+01   4.9326361e+01
   1.2617828e+02   6.4785643e+01   2.9224066e+01
   9.4437802e+01   7.6953094e+01   5.4728555e+01
   4.2727322e+01   6.5387722e+01   6.0614783e+01
   4.3886915e+01   5.8726132e+01   4.8577083e+01
   9.7105376e+01   8.0371400e+01   1.4333968e+01
   7.5357152e+01   4.1471761e+01   8.7097842e+01
   1.0078595e+02   2.3089764e+01   3.4341446e+01
   7.3866485e+01   4.6173633e+01   2.0236085e+01
   9.6430926e+01   8.0913823e+01   2.0764220e+01
   9.8064423e+01   9.0974918e+00   5.5347352e+01
   6.9235869e+01   4.3499745e+01   1.8339445e+01
   5.7634926e+01   8.0688462e+01   3.7862211e+01
   6.3452834e+01   7.0945773e+01   1.9444975e+01
   8.7614878e+01   7.9041912e+01   5.9039659e+01
   7.8622700e+01   7.8844504e+01   6.6225629e+01
   8.8598948e+01   9.4970014e+00   6.9026949e+01
   1.0844025e+02   7.6074225e+01   1.4721992e+01
   6.5980957e+01   7.4466378e+01   2.1505047e+01
   6.5207952e+01   2.3262415e+01   4.3717411e+01
   9.3256564e+01   7.0790995e+01   7.5780184e+01
   6.5646354e+01   2.4617077e+01   6.6784166e+01
   9.1894052e+01   5.6319882e+01   8.9494903e+01
   1.2898792e+02   6.1754715e+01   6.1941639e+01
   1.2100772e+02   7.1616396e+01   1.9040744e+01
   7.5060565e+01   7.2696806e+01   2.2695180e+01
   4.9898803e+01   2.7419757e+01   4.1731907e+01
   5.1549007e+01   7.5547723e+01   4.6811679e+01
   9.2798787e+01   1.1544415e+01   8.5856640e+01
   9.4540713e+01   1.2338643e+01   4.9895014e+01
   9.9754996e+01   2.7728136e+01   3.3012202e+01
   5.8678282e+01   2.2918743e+01   5.1206156e+01
   4.0333523e+01   5.2538510e+01   4.5235486e+01
   6.5607730e+01   2.0911149e+01   6.2670614e+01
   7.5482373e+01   3.7933425e+01   2.2947794e+01
   6.2941749e+01   8.7782794e+01   5.3964315e+01
   6.9670518e+01   6.0919228e+01   8.2034511e+01
   4.9269861e+01   4.5490584e+01   1.8923823e+01
   5.9091740e+01   8.1069085e+01   6.6018403e+01
   7.1142182e+01   8.2226262e+01   5.8343497e+01
   8.5035104e+01   6.7963559e+01   2.9292296e+01
   8.0952931e+01   1.3828230e+01   6.9194566e+01
   6.9515664e+01   2.0063503e+01   5.9442102e+01
   5.9298113e+01   2.7933321e+01   3.5745469e+01
   7.5385709e+01   8.2666261e+01   5.0943758e+01
   9.6504342e+01   2.3022011e+01   9.3169228e+01
   5.5036201e+01   6.1333154e+01   2.3593794e+01
   6.8404652e+01   8.2706783e+01   6.2385925e+01
   1.1148951e+02   5.2317294e+01   9.7585872e+01
   4.8313288e+01   6.7274349e+01   4.2178209e+01
   1.3004103e+02   6.2909675e+01   3.6404648e+01
   6.8479109e+01   2.1587153e+01   6.3799238e+01
   1.0683936e+02   5.6748341e+01   8.7456187e+01
   1.0088591e+02   6.5759023e+01   7.7525964e+01
   4.2480592e+01   4.2062739e+01   6.7435146e+01
   4.4314924e+01   4.9985444e+01   7.2214284e+01
   7.9529154e+01   4.4777707e+01   2.0453112e+01
   5.6661422e+01   7.9657797e+01   3.5167922e+01
   1.0934870e+02   5.9827330e+01   8.3959386e+01
   4.5105849e+01   5.8897132e+01   4.0586295e+01
   9.5846516e+01   7.7587761e+01   1.3807345e+01
   5.7233172e+01   6.8126360e+01   2.1335655e+01
   4.2872516e+01   6.6461567e+01   5.8479535e+01
   7.2011678e+01   1.9756010e+01   6.4552858e+01
   9.2800726e+01   6.9888259e+01   3.7515288e+01
   8.9390896e+01   1.1104811e+01   6.6865286e+01
   1.0556102e+02   6.7154506e+01   4.1810739e+01
   3.6245542e+01   4.6759194e+01   5.2733777e+01
   1.1618230e+02   5.8870987e+01   8.8172353e+01
   9.5791056e+01   5.3753138e+01   2.6423357e+01
   6.1246134e+01   8.0555246e+01   3.0213232e+01
   7.6901533e+01   8.0916847e+01   3.3328562e+01
   1.0021971e+02   9.3256139e+00   5.3066207e+01
   7.9535637e+01   7.1647159e+01   2.8196769e+01
   6.2697731e+01   2.1093249e+01   5.2022540e+01
   1.1146182e+02   2.9673955e+01   3.3515592e+01
   8.4581303e+01   7.0727916e+01   7.6806955e+01
   1.1153427e+02   7.9469311e+01   1.6932656e+01
   5.2753864e+01   2.7208460e+01   3.8395588e+01
   8.5648540e+01   4.4502620e+01   9.1673125e+01
   6.9012330e+01   4.1453075e+01   1.9262755e+01
   7.1782146e+01   5.6848179e+01   1.6243465e+01
   3.9683823e+01   3.2209375e+01   4.1997118e+01
   1.3290578e+02   5.3499503e+01   4.7182958e+01
   1.1453356e+02   6.4799055e+01   7.3265862e+01
   1.1888744e+02   6.2937158e+01   4.9338553e+01
   8.0721881e+01   8.0269238e+01   3.7076370e+01
   5.5953172e+01   6.6420932e+01   2.6241624e+01
   5.7581824e+01   7.0890386e+01   2.6796530e+01
   5.7762332e+01   8.3021441e+01   6.3888227e+01
   3.8070954e+01   4.1598666e+01   6.1138070e+01
   4.8921812e+01   3.8147300e+01   2.2583172e+01
   8.8930464e+01   4.3063357e+01   2.5627040e+01
   9.1436378e+01   7.5690392e+01   5.8316855e+01
   1.2477288e+02   2.9426816e+01   3.3880107e+01
   9.7847476e+01   5.1656084e+01   9.0039661e+01
   8.7529404e+01   4.0019818e+01   9.2833958e+01
   6.9711793e+01   4.3443313e+01   8.0752644e+01
   9.3968035e+01   7.3156574e+01   7.1219602e+01
   1.0651219e+02   6.8400101e+01   7.0373733e+01
   9.3275215e+01   1.4013351e+01   9.1023220e+01
   9.4477869e+01   2.5309563e+01   3.3688988e+01
   1.2050364e+02   6.1786499e+01   8.4464401e+01
   8.2525400e+01   7.9802202e+01   1.8049287e+01
   9.5435615e+01   2.3406096e+01   9.1986543e+01
   1.1359470e+02   6.5428868e+01   5.4594581e+01
   1.2122664e+02   1.7502094e+01   3.7373226e+01
   3.7179569e+01   5.7749696e+01   6.8258768e+01
   1.1226348e+02   1.0584672e+01   4.1464270e+01
   9.6994115e+01   7.7952242e+00   5.4053456e+01
   4.6116403e+01   5.9054422e+01   6.6543709e+01
   8.3857080e+01   3.2045932e+01   2.7690439e+01
   8.2663260e+01   1.5426949e+01   5.0504173e+01
   1.0511837e+02   8.3772029e+01   1.8608899e+01
   1.1594089e+02   3.5896322e+01   3.6112817e+01
   5.3039006e+01   2.7395659e+01   4.5763379e+01
   3.5376236e+01   5.7426521e+01   6.5214716e+01
   1.3159286e+02   5.1832455e+01   4.6575947e+01
   3.8958737e+01   4.8325562e+01   4.3669280e+01
   5.7420002e+01   4.1819428e+01   1.7718439e+01
   4.5604642e+01   5.6029745e+01   3.6284448e+01
   1.2550631e+02   2.5785708e+01   3.5664983e+01
   1.1159688e+02   7.0045814e+01   6.1494185e+01
   1.0246252e+02   3.7283974e+01   2.9052117e+01
   1.1288556e+02   5.6055031e+01   4.0319364e+01
   1.0274569e+02   5.7561965e+01   3.1494872e+01
   9.9565359e+01   3.2589562e+01   9.7017735e+01
   6.2845705e+01   4.6740423e+01   7.6301568e+01
   5.2826442e+01   2.7997638e+01   3.5729843e+01
   8.3922932e+01   4.2034593e+01   8.8299453e+01
   6.8813289e+01   7.2442205e+01   7.0396998e+01
   9.6844301e+01   3.9285667e+01   9.6730606e+01
   1.0126515e+02   5.3605009e+01   2.9057059e+01
   5.5764250e+01   5.3948002e+01   1.7931923e+01
   8.2539964e+01   6.0860943e+01   2.4233807e+01
   6.2681182e+01   8.5584072e+01   5.9143975e+01
   4.3082644e+01   4.9329724e+01   4.0008743e+01
   4.0684435e+01   4.5876624e+01   4.2129548e+01
   8.3805810e+01   3.9346437e+01   8.8223892e+01
   9.0672440e+01   4.9315359e+01   8.9307868e+01
   6.6547452e+01   7.2670605e+01   6.9159373e+01
   7.1330906e+01   3.1785018e+01   2.6063357e+01
   9.7119841e+01   6.0134383e+01   3.2376310e+01
   9.2465983e+01   1.1637050e+01   5.2842311e+01
   9.6385186e+01   7.6164953e+01   5.4430231e+01
   1.2127778e+02   6.3224971e+01   6.2890743e+01
   5.3651560e+01   5.9388895e+01   2.5433273e+01
   6.7992174e+01   6.6900625e+01   7.8684794e+01
   4.4913651e+01   3.7716323e+01   2.5792681e+01
   5.1423037e+01   5.4260281e+01   7.6588022e+01
   1.0466735e+02   9.5017407e+00   4.7315017e+01
   8.8137894e+01   7.7140726e+01   1.4926958e+01
   6.2371941e+01   5.9532167e+01   1.5860874e+01
   1.0700982e+02   6.4163662e+01   4.3739661e+01
   9.2021081e+01   7.5419097e+01   5.1452664e+01
   1.2529874e+02   5.9017766e+01   4.9562820e+01
   9.1785602e+01   1.0169416e+01   6.9058417e+01
   5.4335057e+01   5.9220748e+01   2.3456885e+01
   5.3916461e+01   3.2421567e+01   6.6415681e+01
   9.7838420e+01   6.6162344e+01   8.1489634e+01
   3.7271302e+01   3.5108364e+01   5.2380774e+01
   7.8289069e+01   6.4736720e+01   2.0491893e+01
   6.4434924e+01   6.7091863e+01   1.7655790e+01
   7.9323093e+01   8.1007336e+01   4.7609416e+01
   9.4864115e+01   8.8302261e+00   5.2948175e+01
   4.2490296e+01   6.7136855e+01   5.5322679e+01
   1.1211363e+02   7.5442089e+01   1.5592549e+01
   1.2235381e+02   6.2228049e+01   5.9928316e+01
   1.1394040e+02   7.7756170e+01   2.3414232e+01
   6.2041685e+01   3.5008381e+01   7.7277376e+01
   1.2330552e+02   7.4412226e+01   2.1610656e+01
   7.0347023e+01   1.7667255e+01   5.8904723e+01
   5.1925049e+01   3.1639943e+01   3.2617977e+01
   6.9124136e+01   7.1753493e+01   7.5321953e+01
   7.9962354e+01   1.4799681e+01   7.0223322e+01
   4.4853400e+01   3.0807469e+01   3.5504094e+01
   1.0844585e+02   1.1950142e+01   4.5936512e+01
   1.0543049e+02   2.4023242e+01   3.6469841e+01
   6.5536635e+01   4.4094185e+01   1.7385267e+01
   1.0805453e+02   5.9639707e+01   8.8560480e+01
   8.8305198e+01   5.0287412e+01   9.1264249e+01
   1.2099013e+02   4.8633335e+01   4.1115910e+01
   1.1782900e+02   6.4659811e+01   8.3533319e+01
   1.0009252e+02   6.6562038e+01   7.6526052e+01
   4.2051189e+01   6.5741056e+01   7.1358999e+01
   1.2203608e+02   3.5400873e+01   3.5705239e+01
   7.5099900e+01   5.1208050e+01   1.7831033e+01
   8.8537777e+01   4.1748067e+01   2.5631297e+01
   6.6343895e+01   2.3152185e+01   6.9301780e+01
   1.2243223e+02   4.1807769e+01   3.6917456e+01
   3.7030639e+01   4.0551407e+01   5.8300654e+01
   7.5368869e+01   1.5542452e+01   6.2655359e+01
   5.5090430e+01   2.5301683e+01   4.2356478e+01
   1.1834249e+02   6.4534139e+01   6.6201051e+01
   4.5674405e+01   3.8474021e+01   2.4557649e+01
   1.2515754e+02   5.4693855e+01   4.4419399e+01
   8.4033217e+01   8.0324017e+01   5.8612073e+01
   7.1017512e+01   2.7563706e+01   3.1099665e+01
   6.9869409e+01   1.9647972e+01   5.5674632e+01
   5.2673390e+01   6.6141515e+01   7.5090332e+01
   5.6172781e+01   2.6475423e+01   5.5411712e+01
   1.0355173e+02   7.8579012e+01   1.4093884e+01
   9.0498446e+01   7.8429877e+01   4.9415776e+01
   5.9253075e+01   8.9284612e+01   4.7921681e+01
   1.1438177e+02   6.8849927e+01   6.1591929e+01
   1.1290073e+02   2.1124427e+01   3.9256473e+01
   4.6121542e+01   5.2572401e+01   6.8591578e+01
   8.7829663e+01   2.9692725e+01   2.8640324e+01
   5.9618627e+01   3.6117934e+01   2.2227659e+01
   8.1911780e+01   7.8775020e+01   4.1004891e+01
   7.7968718e+01   1.5350363e+01   6.8251084e+01
   5.7224184e+01   8.2865155e+01   6.4063131e+01
   1.0506591e+02   4.5162347e+01   9.6470721e+01
   8.9523349e+01   1.1608797e+01   7.7764696e+01
   1.0763118e+02   3.9648345e+01   3.0476334e+01
   6.1254937e+01   5.6404902e+01   1.3271422e+01
   9.6645637e+01   3.7046237e+01   9.7020372e+01
   3.5653475e+01   3.6460397e+01   4.8812609e+01
   7.4071438e+01   2.4474007e+01   3.3535490e+01
   8.7495719e+01   2.1140982e+01   8.3928712e+01
   6.2492096e+01   7.0102854e+01   6.9532081e+01
   9.8125992e+01   4.9325012e+01   2.6804990e+01
   3.7008279e+01   3.6594120e+01   5.5269763e+01
   6.7095403e+01   4.3619954e+01   1.7892518e+01
   1.1677261e+02   6.4388281e+01   7.1955407e+01
   9.0393406e+01   7.7397345e+01   6.2390509e+01
   7.8002331e+01   5.0839570e+01   8.4388203e+01
   5.4494924e+01   6.8045670e+01   3.1561055e+01
   8.7721194e+01   4.9410033e+01   9.1383112e+01
   7.1293824e+01   4.7266632e+01   8.1290487e+01
   8.5860647e+01   6.5814096e+01   7.8759177e+01
   6.5629078e+01   2.2731518e+01   6.7421162e+01
   9.9839213e+01   7.1180434e+01   4.2311027e+01
   1.2616215e+02   4.8847545e+01   4.3694158e+01
   8.8466908e+01   7.7736797e+01   4.1767547e+01
   7.8386246e+01   1.4053248e+01   6.3193964e+01
   1.0560873e+02   4.9345729e+01   3.0274031e+01
   9.7354652e+01   3.2240831e+01   2.9072392e+01
   1.2110042e+02   4.0185816e+01   3.6056186e+01
   8.0356012e+01   1.9278284e+01   4.2639247e+01
   9.2403028e+01   6.0169511e+01   2.9469027e+01
   5.7066074e+01   6.5384266e+01   1.8373380e+01
   9.8633517e+01   5.7445290e+01   8.6500559e+01
   9.9223653e+01   6.4643194e+01   7.9327460e+01
   8.8171010e+01   8.2634945e+01   2.2783720e+01
   7.6571619e+01   7.4719211e+01   6.8892075e+01
   5.6589014e+01   4.8379579e+01   1.9711844e+01
   6.5968320e+01   4.5648773e+01   1.6799488e+01
   4.8427649e+01   3.6943132e+01   6.6741233e+01
   4.8560368e+01   5.4740030e+01   3.2639574e+01
   1.1651475e+02   1.5612545e+01   4.1042681e+01
   6.2349927e+01   5.9640954e+01   8.0261396e+01
   8.2413279e+01   5.8225306e+01   2.3454673e+01
   1.0712360e+02   5.3731440e+01   9.5250152e+01
   7.5940999e+01   3.4206237e+01   2.4380468e+01
   6.5179059e+01   4.2700928e+01   1.8025889e+01
   4.8510524e+01   2.7616231e+01   4.6311556e+01
   4.1635194e+01   4.5333634e+01   3.4841956e+01
   5.1320762e+01   5.2713908e+01   1.9531602e+01
   1.1778926e+02   7.6661192e+01   1.8537248e+01
   8.4101536e+01   6.8055994e+01   2.5461100e+01
   1.0010305e+02   2.3205017e+01   3.4192601e+01
   5.6683921e+01   2.3835154e+01   4.9248888e+01
   5.8962989e+01   6.7421077e+01   2.0752611e+01
   6.8208285e+01   7.4548953e+01   1.9162681e+01
   5.7831289e+01   7.8824588e+01   3.1252577e+01
   7.7037121e+01   8.0131215e+01   6.4220060e+01
   9.3733270e+01   7.4169816e+01   6.3351448e+01
   1.0050304e+02   7.1586865e+01   6.4599750e+01
   3.5651986e+01   5.1954511e+01   5.5039026e+01
   6.3570286e+01   6.2799108e+01   1.6471426e+01
   8.2278297e+01   1.4518518e+01   5.4738427e+01
   8.6142485e+01   6.4699527e+01   7.9748461e+01
   5.0008748e+01   7.7942426e+01   5.4129094e+01
   1.0866231e+02   4.7290604e+01   3.3946553e+01
   8.7678705e+01   1.1814651e+01   6.5688363e+01
   1.3269879e+02   4.7846310e+01   4.0870535e+01
   9.6892724e+01   2.2884197e+01   9.3702434e+01
   9.2849815e+01   8.3132880e+01   1.6878326e+01
   6.0424903e+01   7.0523195e+01   2.1056234e+01
   1.1178128e+02   4.0576496e+01   3.2076617e+01
   3.5603200e+01   5.7809416e+01   6.0690849e+01
   8.3157906e+01   1.3684752e+01   5.9397192e+01
   9.4587193e+01   7.4021779e+01   4.1331538e+01
   4.3766514e+01   3.2522521e+01   5.1715856e+01
   9.9152438e+01   9.4339856e+00   4.9225154e+01
   7.9192094e+01   3.9695873e+01   8.5922056e+01
   1.2813234e+02   7.3146676e+01   2.7643227e+01
   1.2916191e+02   4.3986672e+01   3.7038895e+01
   1.1739806e+02   2.8576775e+01   3.5478816e+01
   6.1243230e+01   5.9992868e+01   1.6108995e+01
   1.0832224e+02   2.1949217e+01   3.8435289e+01
   9.6250218e+01   6.7934883e+01   7.9450323e+01
   9.0722130e+01   7.2944225e+01   6.8768375e+01
   7.8385285e+01   1.5242913e+01   4.9469607e+01
   5.5654449e+01   7.0885939e+01   7.3748872e+01
   7.5000762e+01   3.8043880e+01   2.1960277e+01
   9.7973331e+01   1.4769735e+01   4.1696805e+01
   1.0247893e+02   5.8180429e+01   3.4695821e+01
   7.5120488e+01   5.6428058e+01   1.9913262e+01
   1.2570305e+02   7.4356018e+01   3.0938736e+01
   9.9352703e+01   7.2521323e+01   4.4275036e+01
   4.6124123e+01   6.3616292e+01   4.7979895e+01
   7.7747275e+01   3.6150465e+01   8.7534431e+01
   1.2055897e+02   6.2577768e+01   7.7055036e+01
   6.8277616e+01   6.4447855e+01   8.0082694e+01
   8.3272310e+01   1.5741658e+01   4.4492123e+01
   1.0805047e+02   5.6299134e+01   3.4053134e+01
   1.0898980e+02   2.9452252e+01   3.2916702e+01
   1.0293264e+02   7.9015223e+01   2.0226155e+01
   9.0191372e+01   1.1407249e+01   5.6101530e+01
   1.3017759e+02   6.3123251e+01   5.4846818e+01
   7.6674179e+01   8.2152446e+01   4.8435817e+01
   6.4290916e+01   8.0479598e+01   2.3954011e+01
   6.8803116e+01   6.1480163e+01   8.1582758e+01
   6.5538773e+01   3.1256108e+01   2.7919483e+01
   1.1658863e+02   4.2194996e+01   3.6761449e+01
   8.3313636e+01   4.8961952e+01   8.7048190e+01
   7.3731354e+01   8.3179520e+01   4.3325082e+01
   1.1100849e+02   3.7013933e+01   3.4192497e+01
   9.0224767e+01   5.8280029e+01   2.4759702e+01
   6.9848682e+01   2.1742921e+01   6.6294101e+01
   1.1641160e+02   7.9436463e+01   1.9859245e+01
   6.3313142e+01   8.9431951e+01   4.7576448e+01
   9.5771648e+01   3.2445471e+01   3.0374019e+01
   1.0284330e+02   7.3421296e+01   6.2309460e+01
   8.5215112e+01   1.4118100e+01   5.2081867e+01
   1.0419469e+02   4.9092279e+01   3.2164002e+01
   6.9953103e+01   7.6909836e+01   2.5449292e+01
   6.6995667e+01   7.3448079e+01   1.8045181e+01
   6.1313368e+01   8.8788943e+01   4.0130693e+01
   8.1107738e+01   3.0348607e+01   2.7589983e+01
   4.2352858e+01   3.9825468e+01   2.8002353e+01
   9.8421820e+01   6.6784725e+01   3.4935174e+01
   6.3527590e+01   6.0963753e+01   1.6110985e+01
   1.3051829e+02   5.8833438e+01   5.5504550e+01
   7.3874555e+01   2.4461238e+01   7.5413158e+01
   6.3377084e+01   5.2569281e+01   7.6180318e+01
   4.9002126e+01   6.9852590e+01   4.7223124e+01
   4.6050795e+01   3.8636426e+01   6.7535601e+01
   9.6313282e+01   6.8631175e+01   3.5114235e+01
   1.0951845e+02   7.0720171e+01   5.7943100e+01
   1.2888312e+02   5.6976339e+01   5.2544192e+01
   1.2086804e+02   3.6740267e+01   3.5638875e+01
   5.2079390e+01   3.1234119e+01   6.1841695e+01
   4.9400940e+01   2.8870680e+01   5.7138300e+01
   1.0379182e+02   6.9845451e+01   5.1519646e+01
   9.1554578e+01   4.4180228e+01   2.4360329e+01
   9.4313612e+01   5.1622700e+01   9.2409468e+01
   4.4588128e+01   3.2835453e+01   3.6082954e+01
   4.7887341e+01   7.5320764e+01   5.1957383e+01
   7.6550200e+01   7.3353787e+01   7.4220112e+01
   8.7985560e+01   2.6091101e+01   9.0405903e+01
   8.0930274e+01   7.6236714e+01   3.4037613e+01
   5.5530155e+01   5.8044239e+01   1.9911902e+01
   4.6531579e+01   8.0066104e+01   6.3030539e+01
   8.5300194e+01   1.1272214e+01   5.5319289e+01
   9.9937692e+01   6.5366321e+01   8.2292885e+01
   1.2818817e+02   3.2750391e+01   3.6596162e+01
   6.9574045e+01   8.4386165e+01   5.2965755e+01
   3.4553752e+01   3.8364420e+01   4.7963770e+01
   1.1009468e+02   7.0662412e+01   6.0403207e+01
   1.0745407e+02   6.5617864e+01   7.5632652e+01
   7.6676760e+01   5.9820058e+01   8.4303947e+01
   6.3326610e+01   6.7696698e+01   1.7934314e+01
   4.6819187e+01   7.9435708e+01   6.4479173e+01
   8.1075327e+01   8.2382516e+01   5.2616638e+01
   9.2084878e+01   7.1906106e+01   7.0077574e+01
   1.1959628e+02   6.3438544e+01   5.9734886e+01
   1.1409217e+02   8.4266176e+00   4.1787346e+01
   4.3001869e+01   7.2953182e+01   5.9566049e+01
   9.0384265e+01   5.7984392e+01   2.7455079e+01
   9.0157735e+01   4.2459285e+01   9.0734943e+01
   1.0834263e+02   6.4174429e+01   7.7672463e+01
   8.1360078e+01   2.0373776e+01   3.7402861e+01
   7.4581983e+01   2.1738004e+01   7.2583363e+01
   8.1374379e+01   5.7983714e+01   8.6306883e+01
   4.1045535e+01   3.1074524e+01   4.4600464e+01
   6.2108449e+01   8.8890863e+01   5.1374852e+01
   5.2618031e+01   3.5662705e+01   2.3503153e+01
   1.2292070e+02   7.3645309e+01   2.8528739e+01
   1.0163294e+02   3.3437910e+01   1.0109168e+02
   9.6572956e+01   2.5057099e+01   3.2569282e+01
